
 
 
*--------------------------------------------------------------------------------------------------------------------------* 

ntimestep 	 Particles 	 Cumulative mass distribution 

1	 	97	 	0	0	0	0	0	0	0	0	0	0	0	0	2.14266	
 
 
*--------------------------------------------------------------------------------------------------------------------------* 

ntimestep 	 Particles 	 Cumulative mass distribution 

1	 	97	 	0	0	0	0	0	0	0	0	0	0	0	0	2.14266	
10001	 	193	 	0.00451768	0.0048207	0.00556552	0.0068411	0.00901257	0.0126488	0.0126488	0.0126488	0.0126488	0.0126488	0.0126488	0.0126488	2.08905	
20001	 	193	 	0.00451768	0.0048207	0.00556552	0.0068411	0.00901257	0.0126488	0.0126488	0.0126488	0.0126488	0.0126488	0.0126488	0.0126488	2.08905	
30001	 	193	 	0.00451768	0.0048207	0.00556552	0.0068411	0.00901257	0.0126488	0.0126488	0.0126488	0.0126488	0.0126488	0.0126488	0.0126488	2.08905	
40001	 	193	 	0.00451768	0.0048207	0.00556552	0.0068411	0.00901257	0.0126488	0.0126488	0.0126488	0.0126488	0.0126488	0.0126488	0.0126488	2.08905	
50001	 	193	 	0.00451768	0.0048207	0.00556552	0.0068411	0.00901257	0.0126488	0.0126488	0.0126488	0.0126488	0.0126488	0.0126488	0.0126488	2.08905	
60001	 	193	 	0.00451768	0.0048207	0.00556552	0.0068411	0.00901257	0.0126488	0.0126488	0.0126488	0.0126488	0.0126488	0.0126488	0.0126488	2.08905	
70001	 	193	 	0.00451768	0.0048207	0.00556552	0.0068411	0.00901257	0.0126488	0.0126488	0.0126488	0.0126488	0.0126488	0.0126488	0.0126488	2.08905	
80001	 	192	 	0.00446453	0.00476755	0.00551237	0.00678795	0.00895942	0.0125957	0.0125957	0.0125957	0.0125957	0.0125957	0.0125957	0.0125957	2.08899	
90001	 	192	 	0.00446453	0.00476755	0.00551237	0.00678795	0.00895942	0.0125957	0.0125957	0.0125957	0.0125957	0.0125957	0.0125957	0.0125957	2.08899	
100001	 	191	 	0.00441138	0.00471441	0.00545922	0.0067348	0.00890627	0.0125425	0.0125425	0.0125425	0.0125425	0.0125425	0.0125425	0.0125425	2.08894	
110001	 	191	 	0.00441138	0.00471441	0.00545922	0.0067348	0.00890627	0.0125425	0.0125425	0.0125425	0.0125425	0.0125425	0.0125425	0.0125425	2.08894	
 
 
*--------------------------------------------------------------------------------------------------------------------------* 

ntimestep 	 Particles 	 Cumulative mass distribution 

1	 	97	 	0	0	0	0	0	0	0	0	0	0	0	0	2.14266	
 
 
*--------------------------------------------------------------------------------------------------------------------------* 

ntimestep 	 Particles 	 Cumulative mass distribution 

1	 	97	 	0	0	0	0	0	0	0	0	0	0	0	0	2.14266	
 
 
*--------------------------------------------------------------------------------------------------------------------------* 

ntimestep 	 Particles 	 Cumulative mass distribution 

1	 	1	 	0	0	0	0	0	0	0	0	0	0	0	0	0.0220893	
10001	 	1	 	0	0	0	0	0	0	0	0	0	0	0	0	0.0220893	
20001	 	1	 	0	0	0	0	0	0	0	0	0	0	0	0	0.0220893	
30001	 	1	 	0	0	0	0	0	0	0	0	0	0	0	0	0.0220893	
40001	 	1	 	0	0	0	0	0	0	0	0	0	0	0	0	0.0220893	
50001	 	1	 	0	0	0	0	0	0	0	0	0	0	0	0	0.0220893	
60001	 	1	 	0	0	0	0	0	0	0	0	0	0	0	0	0.0220893	
70001	 	1	 	0	0	0	0	0	0	0	0	0	0	0	0	0.0220893	
80001	 	1	 	0	0	0	0	0	0	0	0	0	0	0	0	0.0220893	
90001	 	1	 	0	0	0	0	0	0	0	0	0	0	0	0	0.0220893	
100001	 	1	 	0	0	0	0	0	0	0	0	0	0	0	0	0.0220893	
110001	 	1	 	0	0	0	0	0	0	0	0	0	0	0	0	0.0220893	
120001	 	1	 	0	0	0	0	0	0	0	0	0	0	0	0	0.0220893	
130001	 	1	 	0	0	0	0	0	0	0	0	0	0	0	0	0.0220893	
140001	 	1	 	0	0	0	0	0	0	0	0	0	0	0	0	0.0220893	
150001	 	1	 	0	0	0	0	0	0	0	0	0	0	0	0	0.0220893	
160001	 	1	 	0	0	0	0	0	0	0	0	0	0	0	0	0.0220893	
170001	 	1	 	0	0	0	0	0	0	0	0	0	0	0	0	0.0220893	
180001	 	1	 	0	0	0	0	0	0	0	0	0	0	0	0	0.0220893	
190001	 	1	 	0	0	0	0	0	0	0	0	0	0	0	0	0.0220893	
200001	 	1	 	0	0	0	0	0	0	0	0	0	0	0	0	0.0220893	
 
 
*--------------------------------------------------------------------------------------------------------------------------* 

ntimestep 	 Particles 	 Cumulative mass distribution 

1	 	1	 	0	0	0	0	0	0	0	0	0	0	0	0	0.0220893	
10001	 	1	 	0	0	0	0	0	0	0	0	0	0	0	0	0.0220893	
20001	 	1	 	0	0	0	0	0	0	0	0	0	0	0	0	0.0220893	
30001	 	1	 	0	0	0	0	0	0	0	0	0	0	0	0	0.0220893	
40001	 	1	 	0	0	0	0	0	0	0	0	0	0	0	0	0.0220893	
50001	 	1	 	0	0	0	0	0	0	0	0	0	0	0	0	0.0220893	
 
 
*--------------------------------------------------------------------------------------------------------------------------* 

ntimestep 	 Particles 	 Cumulative mass distribution 

1	 	10	 	0	0	0	0	0	0	0	0	0	0	0	0	0.220893	
10001	 	10	 	0	0	0	0	0	0	0	0	0	0	0	0	0.220893	
20001	 	10	 	0	0	0	0	0	0	0	0	0	0	0	0	0.220893	
30001	 	10	 	0	0	0	0	0	0	0	0	0	0	0	0	0.220893	
40001	 	10	 	0	0	0	0	0	0	0	0	0	0	0	0	0.220893	
50001	 	10	 	0	0	0	0	0	0	0	0	0	0	0	0	0.220893	
60001	 	10	 	0	0	0	0	0	0	0	0	0	0	0	0	0.220893	
70001	 	10	 	0	0	0	0	0	0	0	0	0	0	0	0	0.220893	
80001	 	10	 	0	0	0	0	0	0	0	0	0	0	0	0	0.220893	
90001	 	10	 	0	0	0	0	0	0	0	0	0	0	0	0	0.220893	
100001	 	10	 	0	0	0	0	0	0	0	0	0	0	0	0	0.220893	
110001	 	10	 	0	0	0	0	0	0	0	0	0	0	0	0	0.220893	
120001	 	10	 	0	0	0	0	0	0	0	0	0	0	0	0	0.220893	
130001	 	10	 	0	0	0	0	0	0	0	0	0	0	0	0	0.220893	
140001	 	10	 	0	0	0	0	0	0	0	0	0	0	0	0	0.220893	
150001	 	10	 	0	0	0	0	0	0	0	0	0	0	0	0	0.220893	
160001	 	10	 	0	0	0	0	0	0	0	0	0	0	0	0	0.220893	
170001	 	10	 	0	0	0	0	0	0	0	0	0	0	0	0	0.220893	
180001	 	10	 	0	0	0	0	0	0	0	0	0	0	0	0	0.220893	
190001	 	10	 	0	0	0	0	0	0	0	0	0	0	0	0	0.220893	
200001	 	10	 	0	0	0	0	0	0	0	0	0	0	0	0	0.220893	
210001	 	10	 	0	0	0	0	0	0	0	0	0	0	0	0	0.220893	
220001	 	10	 	0	0	0	0	0	0	0	0	0	0	0	0	0.220893	
230001	 	10	 	0	0	0	0	0	0	0	0	0	0	0	0	0.220893	
240001	 	10	 	0	0	0	0	0	0	0	0	0	0	0	0	0.220893	
250001	 	10	 	0	0	0	0	0	0	0	0	0	0	0	0	0.220893	
260001	 	10	 	0	0	0	0	0	0	0	0	0	0	0	0	0.220893	
270001	 	10	 	0	0	0	0	0	0	0	0	0	0	0	0	0.220893	
280001	 	10	 	0	0	0	0	0	0	0	0	0	0	0	0	0.220893	
290001	 	10	 	0	0	0	0	0	0	0	0	0	0	0	0	0.220893	
300001	 	10	 	0	0	0	0	0	0	0	0	0	0	0	0	0.220893	
310001	 	10	 	0	0	0	0	0	0	0	0	0	0	0	0	0.220893	
320001	 	10	 	0	0	0	0	0	0	0	0	0	0	0	0	0.220893	
330001	 	10	 	0	0	0	0	0	0	0	0	0	0	0	0	0.220893	
340001	 	10	 	0	0	0	0	0	0	0	0	0	0	0	0	0.220893	
350001	 	10	 	0	0	0	0	0	0	0	0	0	0	0	0	0.220893	
360001	 	10	 	0	0	0	0	0	0	0	0	0	0	0	0	0.220893	
370001	 	10	 	0	0	0	0	0	0	0	0	0	0	0	0	0.220893	
380001	 	10	 	0	0	0	0	0	0	0	0	0	0	0	0	0.220893	
390001	 	10	 	0	0	0	0	0	0	0	0	0	0	0	0	0.220893	
400001	 	10	 	0	0	0	0	0	0	0	0	0	0	0	0	0.220893	
410001	 	10	 	0	0	0	0	0	0	0	0	0	0	0	0	0.220893	
420001	 	10	 	0	0	0	0	0	0	0	0	0	0	0	0	0.220893	
430001	 	10	 	0	0	0	0	0	0	0	0	0	0	0	0	0.220893	
440001	 	10	 	0	0	0	0	0	0	0	0	0	0	0	0	0.220893	
450001	 	10	 	0	0	0	0	0	0	0	0	0	0	0	0	0.220893	
460001	 	10	 	0	0	0	0	0	0	0	0	0	0	0	0	0.220893	
470001	 	10	 	0	0	0	0	0	0	0	0	0	0	0	0	0.220893	
480001	 	10	 	0	0	0	0	0	0	0	0	0	0	0	0	0.220893	
490001	 	10	 	0	0	0	0	0	0	0	0	0	0	0	0	0.220893	
500001	 	10	 	0	0	0	0	0	0	0	0	0	0	0	0	0.220893	
510001	 	10	 	0	0	0	0	0	0	0	0	0	0	0	0	0.220893	
520001	 	10	 	0	0	0	0	0	0	0	0	0	0	0	0	0.220893	
530001	 	10	 	0	0	0	0	0	0	0	0	0	0	0	0	0.220893	
540001	 	10	 	0	0	0	0	0	0	0	0	0	0	0	0	0.220893	
550001	 	10	 	0	0	0	0	0	0	0	0	0	0	0	0	0.220893	
560001	 	10	 	0	0	0	0	0	0	0	0	0	0	0	0	0.220893	
570001	 	10	 	0	0	0	0	0	0	0	0	0	0	0	0	0.220893	
580001	 	10	 	0	0	0	0	0	0	0	0	0	0	0	0	0.220893	
590001	 	35	 	0.00116928	0.00132079	0.00132079	0.00174599	0.00246981	0.0036819	0.0036819	0.0036819	0.0036819	0.0036819	0.0036819	0.0036819	0.202486	
600001	 	35	 	0.00116928	0.00132079	0.00132079	0.00174599	0.00246981	0.0036819	0.0036819	0.0036819	0.0036819	0.0036819	0.0036819	0.0036819	0.202486	
610001	 	35	 	0.00116928	0.00132079	0.00132079	0.00174599	0.00246981	0.0036819	0.0036819	0.0036819	0.0036819	0.0036819	0.0036819	0.0036819	0.202486	
620001	 	35	 	0.00116928	0.00132079	0.00132079	0.00174599	0.00246981	0.0036819	0.0036819	0.0036819	0.0036819	0.0036819	0.0036819	0.0036819	0.202486	
630001	 	35	 	0.00116928	0.00132079	0.00132079	0.00174599	0.00246981	0.0036819	0.0036819	0.0036819	0.0036819	0.0036819	0.0036819	0.0036819	0.202486	
640001	 	35	 	0.00116928	0.00132079	0.00132079	0.00174599	0.00246981	0.0036819	0.0036819	0.0036819	0.0036819	0.0036819	0.0036819	0.0036819	0.202486	
650001	 	35	 	0.00116928	0.00132079	0.00132079	0.00174599	0.00246981	0.0036819	0.0036819	0.0036819	0.0036819	0.0036819	0.0036819	0.0036819	0.202486	
660001	 	35	 	0.00116928	0.00132079	0.00132079	0.00174599	0.00246981	0.0036819	0.0036819	0.0036819	0.0036819	0.0036819	0.0036819	0.0036819	0.202486	
670001	 	35	 	0.00116928	0.00132079	0.00132079	0.00174599	0.00246981	0.0036819	0.0036819	0.0036819	0.0036819	0.0036819	0.0036819	0.0036819	0.202486	
680001	 	35	 	0.00116928	0.00132079	0.00132079	0.00174599	0.00246981	0.0036819	0.0036819	0.0036819	0.0036819	0.0036819	0.0036819	0.0036819	0.202486	
690001	 	35	 	0.00116928	0.00132079	0.00132079	0.00174599	0.00246981	0.0036819	0.0036819	0.0036819	0.0036819	0.0036819	0.0036819	0.0036819	0.202486	
700001	 	35	 	0.00116928	0.00132079	0.00132079	0.00174599	0.00246981	0.0036819	0.0036819	0.0036819	0.0036819	0.0036819	0.0036819	0.0036819	0.202486	
 
 
*--------------------------------------------------------------------------------------------------------------------------* 

ntimestep 	 Particles 	 Cumulative mass distribution 

1	 	0	 	0	0	0	0	0	0	0	0	0	0	0	0	0	
 
 
*--------------------------------------------------------------------------------------------------------------------------* 

ntimestep 	 Particles 	 Cumulative mass distribution 

1	 	0	 	0	0	0	0	0	0	0	0	0	0	0	0	0	
10001	 	0	 	0	0	0	0	0	0	0	0	0	0	0	0	0	
20001	 	0	 	0	0	0	0	0	0	0	0	0	0	0	0	0	
30001	 	0	 	0	0	0	0	0	0	0	0	0	0	0	0	0	
40001	 	0	 	0	0	0	0	0	0	0	0	0	0	0	0	0	
 
 
*--------------------------------------------------------------------------------------------------------------------------* 

ntimestep 	 Particles 	 Cumulative mass distribution 

1	 	0	 	0	0	0	0	0	0	0	0	0	0	0	0	0	
10001	 	24	 	0	0	0	0	0	0	0	0	0	0	0	0	3.92699	
20001	 	24	 	0	0	0	0	0	0	0	0	0	0	0	0	3.92699	
30001	 	24	 	0	0	0	0	0	0	0	0	0	0	0	0	3.92699	
40001	 	24	 	0	0	0	0	0	0	0	0	0	0	0	0	3.92699	
50001	 	24	 	0	0	0	0	0	0	0	0	0	0	0	0	3.92699	
60001	 	24	 	0	0	0	0	0	0	0	0	0	0	0	0	3.92699	
70001	 	24	 	0	0	0	0	0	0	0	0	0	0	0	0	3.92699	
80001	 	24	 	0	0	0	0	0	0	0	0	0	0	0	0	3.92699	
90001	 	24	 	0	0	0	0	0	0	0	0	0	0	0	0	3.92699	
100001	 	24	 	0	0	0	0	0	0	0	0	0	0	0	0	3.92699	
110001	 	24	 	0	0	0	0	0	0	0	0	0	0	0	0	3.92699	
120001	 	24	 	0	0	0	0	0	0	0	0	0	0	0	0	3.92699	
130001	 	24	 	0	0	0	0	0	0	0	0	0	0	0	0	3.92699	
140001	 	24	 	0	0	0	0	0	0	0	0	0	0	0	0	3.92699	
150001	 	24	 	0	0	0	0	0	0	0	0	0	0	0	0	3.92699	
160001	 	24	 	0	0	0	0	0	0	0	0	0	0	0	0	3.92699	
170001	 	24	 	0	0	0	0	0	0	0	0	0	0	0	0	3.92699	
180001	 	24	 	0	0	0	0	0	0	0	0	0	0	0	0	3.92699	
190001	 	24	 	0	0	0	0	0	0	0	0	0	0	0	0	3.92699	
200001	 	24	 	0	0	0	0	0	0	0	0	0	0	0	0	3.92699	
210001	 	24	 	0	0	0	0	0	0	0	0	0	0	0	0	3.92699	
220001	 	24	 	0	0	0	0	0	0	0	0	0	0	0	0	3.92699	
230001	 	24	 	0	0	0	0	0	0	0	0	0	0	0	0	3.92699	
240001	 	24	 	0	0	0	0	0	0	0	0	0	0	0	0	3.92699	
250001	 	24	 	0	0	0	0	0	0	0	0	0	0	0	0	3.92699	
260001	 	24	 	0	0	0	0	0	0	0	0	0	0	0	0	3.92699	
270001	 	24	 	0	0	0	0	0	0	0	0	0	0	0	0	3.92699	
280001	 	24	 	0	0	0	0	0	0	0	0	0	0	0	0	3.92699	
290001	 	24	 	0	0	0	0	0	0	0	0	0	0	0	0	3.92699	
300001	 	24	 	0	0	0	0	0	0	0	0	0	0	0	0	3.92699	
310001	 	24	 	0	0	0	0	0	0	0	0	0	0	0	0	3.92699	
320001	 	24	 	0	0	0	0	0	0	0	0	0	0	0	0	3.92699	
330001	 	24	 	0	0	0	0	0	0	0	0	0	0	0	0	3.92699	
340001	 	24	 	0	0	0	0	0	0	0	0	0	0	0	0	3.92699	
350001	 	24	 	0	0	0	0	0	0	0	0	0	0	0	0	3.92699	
360001	 	24	 	0	0	0	0	0	0	0	0	0	0	0	0	3.92699	
370001	 	24	 	0	0	0	0	0	0	0	0	0	0	0	0	3.92699	
380001	 	24	 	0	0	0	0	0	0	0	0	0	0	0	0	3.92699	
390001	 	24	 	0	0	0	0	0	0	0	0	0	0	0	0	3.92699	
400001	 	24	 	0	0	0	0	0	0	0	0	0	0	0	0	3.92699	
410001	 	24	 	0	0	0	0	0	0	0	0	0	0	0	0	3.92699	
420001	 	24	 	0	0	0	0	0	0	0	0	0	0	0	0	3.92699	
430001	 	24	 	0	0	0	0	0	0	0	0	0	0	0	0	3.92699	
440001	 	24	 	0	0	0	0	0	0	0	0	0	0	0	0	3.92699	
450001	 	24	 	0	0	0	0	0	0	0	0	0	0	0	0	3.92699	
460001	 	24	 	0	0	0	0	0	0	0	0	0	0	0	0	3.92699	
470001	 	24	 	0	0	0	0	0	0	0	0	0	0	0	0	3.92699	
480001	 	24	 	0	0	0	0	0	0	0	0	0	0	0	0	3.92699	
490001	 	24	 	0	0	0	0	0	0	0	0	0	0	0	0	3.92699	
500001	 	24	 	0	0	0	0	0	0	0	0	0	0	0	0	3.92699	
 
 
*--------------------------------------------------------------------------------------------------------------------------* 

ntimestep 	 Particles 	 Cumulative mass distribution 

1	 	0	 	0	0	0	0	0	0	0	0	0	0	0	0	0	
10001	 	1	 	0	0	0	0	0	0	0	0	0	0	0	0	0.163625	
20001	 	1	 	0	0	0	0	0	0	0	0	0	0	0	0	0.163625	
30001	 	1	 	0	0	0	0	0	0	0	0	0	0	0	0	0.163625	
40001	 	1	 	0	0	0	0	0	0	0	0	0	0	0	0	0.163625	
50001	 	1	 	0	0	0	0	0	0	0	0	0	0	0	0	0.163625	
60001	 	1	 	0	0	0	0	0	0	0	0	0	0	0	0	0.163625	
70001	 	1	 	0	0	0	0	0	0	0	0	0	0	0	0	0.163625	
80001	 	1	 	0	0	0	0	0	0	0	0	0	0	0	0	0.163625	
90001	 	1	 	0	0	0	0	0	0	0	0	0	0	0	0	0.163625	
100001	 	1	 	0	0	0	0	0	0	0	0	0	0	0	0	0.163625	
110001	 	1	 	0	0	0	0	0	0	0	0	0	0	0	0	0.163625	
120001	 	1	 	0	0	0	0	0	0	0	0	0	0	0	0	0.163625	
130001	 	1	 	0	0	0	0	0	0	0	0	0	0	0	0	0.163625	
140001	 	1	 	0	0	0	0	0	0	0	0	0	0	0	0	0.163625	
150001	 	1	 	0	0	0	0	0	0	0	0	0	0	0	0	0.163625	
160001	 	1	 	0	0	0	0	0	0	0	0	0	0	0	0	0.163625	
170001	 	1	 	0	0	0	0	0	0	0	0	0	0	0	0	0.163625	
180001	 	1	 	0	0	0	0	0	0	0	0	0	0	0	0	0.163625	
190001	 	1	 	0	0	0	0	0	0	0	0	0	0	0	0	0.163625	
200001	 	1	 	0	0	0	0	0	0	0	0	0	0	0	0	0.163625	
210001	 	1	 	0	0	0	0	0	0	0	0	0	0	0	0	0.163625	
220001	 	1	 	0	0	0	0	0	0	0	0	0	0	0	0	0.163625	
230001	 	1	 	0	0	0	0	0	0	0	0	0	0	0	0	0.163625	
240001	 	1	 	0	0	0	0	0	0	0	0	0	0	0	0	0.163625	
250001	 	1	 	0	0	0	0	0	0	0	0	0	0	0	0	0.163625	
260001	 	1	 	0	0	0	0	0	0	0	0	0	0	0	0	0.163625	
270001	 	1	 	0	0	0	0	0	0	0	0	0	0	0	0	0.163625	
280001	 	1	 	0	0	0	0	0	0	0	0	0	0	0	0	0.163625	
290001	 	1	 	0	0	0	0	0	0	0	0	0	0	0	0	0.163625	
300001	 	1	 	0	0	0	0	0	0	0	0	0	0	0	0	0.163625	
310001	 	1	 	0	0	0	0	0	0	0	0	0	0	0	0	0.163625	
320001	 	1	 	0	0	0	0	0	0	0	0	0	0	0	0	0.163625	
330001	 	1	 	0	0	0	0	0	0	0	0	0	0	0	0	0.163625	
340001	 	1	 	0	0	0	0	0	0	0	0	0	0	0	0	0.163625	
350001	 	1	 	0	0	0	0	0	0	0	0	0	0	0	0	0.163625	
360001	 	1	 	0	0	0	0	0	0	0	0	0	0	0	0	0.163625	
370001	 	1	 	0	0	0	0	0	0	0	0	0	0	0	0	0.163625	
380001	 	193	 	0.00845072	0.00966281	0.0104076	0.013384	0.0162793	0.0199155	0.0238879	0.026649	0.026649	0.0324396	0.0421363	0.0421363	0.130494	
390001	 	192	 	0.00845072	0.00966281	0.0104076	0.0129588	0.0158541	0.0194903	0.0234627	0.0262238	0.0262238	0.0320144	0.0417111	0.0417111	0.130068	
400001	 	192	 	0.00845072	0.00966281	0.0104076	0.0129588	0.0158541	0.0194903	0.0234627	0.0262238	0.0262238	0.0320144	0.0417111	0.0417111	0.130068	
410001	 	193	 	0.00845072	0.00966281	0.0104076	0.0129588	0.0158541	0.0194903	0.0234627	0.0262238	0.0262238	0.0320144	0.0417111	0.0417111	0.293693	
420001	 	193	 	0.00845072	0.00966281	0.0104076	0.0129588	0.0158541	0.0194903	0.0234627	0.0262238	0.0262238	0.0320144	0.0417111	0.0417111	0.293693	
430001	 	193	 	0.00845072	0.00966281	0.0104076	0.0129588	0.0158541	0.0194903	0.0234627	0.0262238	0.0262238	0.0320144	0.0417111	0.0417111	0.293693	
440001	 	193	 	0.00845072	0.00966281	0.0104076	0.0129588	0.0158541	0.0194903	0.0234627	0.0262238	0.0262238	0.0320144	0.0417111	0.0417111	0.293693	
450001	 	193	 	0.00845072	0.00966281	0.0104076	0.0129588	0.0158541	0.0194903	0.0234627	0.0262238	0.0262238	0.0320144	0.0417111	0.0417111	0.293693	
460001	 	193	 	0.00845072	0.00966281	0.0104076	0.0129588	0.0158541	0.0194903	0.0234627	0.0262238	0.0262238	0.0320144	0.0417111	0.0417111	0.293693	
470001	 	193	 	0.00845072	0.00966281	0.0104076	0.0129588	0.0158541	0.0194903	0.0234627	0.0262238	0.0262238	0.0320144	0.0417111	0.0417111	0.293693	
480001	 	193	 	0.00845072	0.00966281	0.0104076	0.0129588	0.0158541	0.0194903	0.0234627	0.0262238	0.0262238	0.0320144	0.0417111	0.0417111	0.293693	
490001	 	193	 	0.00845072	0.00966281	0.0104076	0.0129588	0.0158541	0.0194903	0.0234627	0.0262238	0.0262238	0.0320144	0.0417111	0.0417111	0.293693	
500001	 	193	 	0.00845072	0.00966281	0.0104076	0.0129588	0.0158541	0.0194903	0.0234627	0.0262238	0.0262238	0.0320144	0.0417111	0.0417111	0.293693	
510001	 	193	 	0.00845072	0.00966281	0.0104076	0.0129588	0.0158541	0.0194903	0.0234627	0.0262238	0.0262238	0.0320144	0.0417111	0.0417111	0.293693	
520001	 	193	 	0.00845072	0.00966281	0.0104076	0.0129588	0.0158541	0.0194903	0.0234627	0.0262238	0.0262238	0.0320144	0.0417111	0.0417111	0.293693	
530001	 	193	 	0.00845072	0.00966281	0.0104076	0.0129588	0.0158541	0.0194903	0.0234627	0.0262238	0.0262238	0.0320144	0.0417111	0.0417111	0.293693	
540001	 	193	 	0.00845072	0.00966281	0.0104076	0.0129588	0.0158541	0.0194903	0.0234627	0.0262238	0.0262238	0.0320144	0.0417111	0.0417111	0.293693	
550001	 	193	 	0.00845072	0.00966281	0.0104076	0.0129588	0.0158541	0.0194903	0.0234627	0.0262238	0.0262238	0.0320144	0.0417111	0.0417111	0.293693	
560001	 	193	 	0.00845072	0.00966281	0.0104076	0.0129588	0.0158541	0.0194903	0.0234627	0.0262238	0.0262238	0.0320144	0.0417111	0.0417111	0.293693	
570001	 	193	 	0.00845072	0.00966281	0.0104076	0.0129588	0.0158541	0.0194903	0.0234627	0.0262238	0.0262238	0.0320144	0.0417111	0.0417111	0.293693	
580001	 	193	 	0.00845072	0.00966281	0.0104076	0.0129588	0.0158541	0.0194903	0.0234627	0.0262238	0.0262238	0.0320144	0.0417111	0.0417111	0.293693	
590001	 	193	 	0.00845072	0.00966281	0.0104076	0.0129588	0.0158541	0.0194903	0.0234627	0.0262238	0.0262238	0.0320144	0.0417111	0.0417111	0.293693	
600001	 	193	 	0.00845072	0.00966281	0.0104076	0.0129588	0.0158541	0.0194903	0.0234627	0.0262238	0.0262238	0.0320144	0.0417111	0.0417111	0.293693	
610001	 	193	 	0.00845072	0.00966281	0.0104076	0.0129588	0.0158541	0.0194903	0.0234627	0.0262238	0.0262238	0.0320144	0.0417111	0.0417111	0.293693	
620001	 	192	 	0.00845072	0.00966281	0.0104076	0.0125336	0.0154289	0.0190651	0.0230375	0.0257986	0.0257986	0.0315892	0.0412859	0.0412859	0.293268	
630001	 	192	 	0.00845072	0.00966281	0.0104076	0.0125336	0.0154289	0.0190651	0.0230375	0.0257986	0.0257986	0.0315892	0.0412859	0.0412859	0.293268	
640001	 	192	 	0.00845072	0.00966281	0.0104076	0.0125336	0.0154289	0.0190651	0.0230375	0.0257986	0.0257986	0.0315892	0.0412859	0.0412859	0.293268	
650001	 	192	 	0.00845072	0.00966281	0.0104076	0.0125336	0.0154289	0.0190651	0.0230375	0.0257986	0.0257986	0.0315892	0.0412859	0.0412859	0.293268	
660001	 	192	 	0.00845072	0.00966281	0.0104076	0.0125336	0.0154289	0.0190651	0.0230375	0.0257986	0.0257986	0.0315892	0.0412859	0.0412859	0.293268	
 
 
*--------------------------------------------------------------------------------------------------------------------------* 

ntimestep 	 Particles 	 Cumulative mass distribution 

1	 	0	 	0	0	0	0	0	0	0	0	0	0	0	0	0	
10001	 	1	 	0	0	0	0	0	0	0	0	0	0	0	0	0.163625	
20001	 	1	 	0	0	0	0	0	0	0	0	0	0	0	0	0.163625	
30001	 	1	 	0	0	0	0	0	0	0	0	0	0	0	0	0.163625	
40001	 	1	 	0	0	0	0	0	0	0	0	0	0	0	0	0.163625	
50001	 	1	 	0	0	0	0	0	0	0	0	0	0	0	0	0.163625	
60001	 	1	 	0	0	0	0	0	0	0	0	0	0	0	0	0.163625	
70001	 	1	 	0	0	0	0	0	0	0	0	0	0	0	0	0.163625	
 
 
*--------------------------------------------------------------------------------------------------------------------------* 

ntimestep 	 Particles 	 Cumulative mass distribution 

1	 	0	 	0	0	0	0	0	0	0	0	0	0	0	0	0	
10001	 	2	 	0	0	0	0	0	0	0	0	0	0	0	0	0.327249	
20001	 	2	 	0	0	0	0	0	0	0	0	0	0	0	0	0.327249	
30001	 	2	 	0	0	0	0	0	0	0	0	0	0	0	0	0.327249	
40001	 	2	 	0	0	0	0	0	0	0	0	0	0	0	0	0.327249	
50001	 	2	 	0	0	0	0	0	0	0	0	0	0	0	0	0.327249	
60001	 	2	 	0	0	0	0	0	0	0	0	0	0	0	0	0.327249	
70001	 	2	 	0	0	0	0	0	0	0	0	0	0	0	0	0.327249	
80001	 	2	 	0	0	0	0	0	0	0	0	0	0	0	0	0.327249	
90001	 	2	 	0	0	0	0	0	0	0	0	0	0	0	0	0.327249	
100001	 	2	 	0	0	0	0	0	0	0	0	0	0	0	0	0.327249	
110001	 	2	 	0	0	0	0	0	0	0	0	0	0	0	0	0.327249	
120001	 	2	 	0	0	0	0	0	0	0	0	0	0	0	0	0.327249	
130001	 	2	 	0	0	0	0	0	0	0	0	0	0	0	0	0.327249	
140001	 	2	 	0	0	0	0	0	0	0	0	0	0	0	0	0.327249	
150001	 	2	 	0	0	0	0	0	0	0	0	0	0	0	0	0.327249	
160001	 	2	 	0	0	0	0	0	0	0	0	0	0	0	0	0.327249	
170001	 	2	 	0	0	0	0	0	0	0	0	0	0	0	0	0.327249	
180001	 	2	 	0	0	0	0	0	0	0	0	0	0	0	0	0.327249	
190001	 	2	 	0	0	0	0	0	0	0	0	0	0	0	0	0.327249	
200001	 	2	 	0	0	0	0	0	0	0	0	0	0	0	0	0.327249	
210001	 	2	 	0	0	0	0	0	0	0	0	0	0	0	0	0.327249	
220001	 	2	 	0	0	0	0	0	0	0	0	0	0	0	0	0.327249	
230001	 	2	 	0	0	0	0	0	0	0	0	0	0	0	0	0.327249	
240001	 	2	 	0	0	0	0	0	0	0	0	0	0	0	0	0.327249	
250001	 	2	 	0	0	0	0	0	0	0	0	0	0	0	0	0.327249	
260001	 	2	 	0	0	0	0	0	0	0	0	0	0	0	0	0.327249	
270001	 	2	 	0	0	0	0	0	0	0	0	0	0	0	0	0.327249	
280001	 	201	 	0.00855702	0.0106782	0.011423	0.0143993	0.0172946	0.0209309	0.0229171	0.0256782	0.0256782	0.0314688	0.0411655	0.0411655	0.293147	
290001	 	201	 	0.00855702	0.0106782	0.011423	0.0143993	0.0172946	0.0209309	0.0229171	0.0256782	0.0256782	0.0314688	0.0411655	0.0411655	0.293147	
300001	 	201	 	0.00855702	0.0106782	0.011423	0.0143993	0.0172946	0.0209309	0.0229171	0.0256782	0.0256782	0.0314688	0.0411655	0.0411655	0.293147	
310001	 	201	 	0.00855702	0.0106782	0.011423	0.0143993	0.0172946	0.0209309	0.0229171	0.0256782	0.0256782	0.0314688	0.0411655	0.0411655	0.293147	
320001	 	201	 	0.00855702	0.0106782	0.011423	0.0143993	0.0172946	0.0209309	0.0229171	0.0256782	0.0256782	0.0314688	0.0411655	0.0411655	0.293147	
330001	 	201	 	0.00855702	0.0106782	0.011423	0.0143993	0.0172946	0.0209309	0.0229171	0.0256782	0.0256782	0.0314688	0.0411655	0.0411655	0.293147	
340001	 	201	 	0.00855702	0.0106782	0.011423	0.0143993	0.0172946	0.0209309	0.0229171	0.0256782	0.0256782	0.0314688	0.0411655	0.0411655	0.293147	
350001	 	201	 	0.00855702	0.0106782	0.011423	0.0143993	0.0172946	0.0209309	0.0229171	0.0256782	0.0256782	0.0314688	0.0411655	0.0411655	0.293147	
360001	 	201	 	0.00855702	0.0106782	0.011423	0.0143993	0.0172946	0.0209309	0.0229171	0.0256782	0.0256782	0.0314688	0.0411655	0.0411655	0.293147	
370001	 	201	 	0.00855702	0.0106782	0.011423	0.0143993	0.0172946	0.0209309	0.0229171	0.0256782	0.0256782	0.0314688	0.0411655	0.0411655	0.293147	
380001	 	201	 	0.00855702	0.0106782	0.011423	0.0143993	0.0172946	0.0209309	0.0229171	0.0256782	0.0256782	0.0314688	0.0411655	0.0411655	0.293147	
 
 
*--------------------------------------------------------------------------------------------------------------------------* 

ntimestep 	 Particles 	 Cumulative mass distribution 

1	 	0	 	0	0	0	0	0	0	0	0	0	0	0	0	0	
10001	 	18	 	0	0	0	0	0	0	0	0	0	0	0	0	0.397608	
20001	 	18	 	0	0	0	0	0	0	0	0	0	0	0	0	0.397608	
30001	 	18	 	0	0	0	0	0	0	0	0	0	0	0	0	0.397608	
40001	 	18	 	0	0	0	0	0	0	0	0	0	0	0	0	0.397608	
50001	 	18	 	0	0	0	0	0	0	0	0	0	0	0	0	0.397608	
60001	 	18	 	0	0	0	0	0	0	0	0	0	0	0	0	0.397608	
70001	 	18	 	0	0	0	0	0	0	0	0	0	0	0	0	0.397608	
80001	 	18	 	0	0	0	0	0	0	0	0	0	0	0	0	0.397608	
90001	 	18	 	0	0	0	0	0	0	0	0	0	0	0	0	0.397608	
100001	 	18	 	0	0	0	0	0	0	0	0	0	0	0	0	0.397608	
110001	 	18	 	0	0	0	0	0	0	0	0	0	0	0	0	0.397608	
120001	 	18	 	0	0	0	0	0	0	0	0	0	0	0	0	0.397608	
130001	 	18	 	0	0	0	0	0	0	0	0	0	0	0	0	0.397608	
140001	 	18	 	0	0	0	0	0	0	0	0	0	0	0	0	0.397608	
150001	 	18	 	0	0	0	0	0	0	0	0	0	0	0	0	0.397608	
160001	 	18	 	0	0	0	0	0	0	0	0	0	0	0	0	0.397608	
170001	 	18	 	0	0	0	0	0	0	0	0	0	0	0	0	0.397608	
180001	 	18	 	0	0	0	0	0	0	0	0	0	0	0	0	0.397608	
190001	 	18	 	0	0	0	0	0	0	0	0	0	0	0	0	0.397608	
200001	 	18	 	0	0	0	0	0	0	0	0	0	0	0	0	0.397608	
210001	 	18	 	0	0	0	0	0	0	0	0	0	0	0	0	0.397608	
220001	 	18	 	0	0	0	0	0	0	0	0	0	0	0	0	0.397608	
230001	 	18	 	0	0	0	0	0	0	0	0	0	0	0	0	0.397608	
240001	 	44	 	0.00122243	0.00137394	0.00137394	0.00179914	0.00252296	0.00373504	0.00373504	0.00373504	0.00373504	0.00373504	0.00373504	0.00373504	0.379254	
250001	 	44	 	0.00122243	0.00137394	0.00137394	0.00179914	0.00252296	0.00373504	0.00373504	0.00373504	0.00373504	0.00373504	0.00373504	0.00373504	0.379254	
260001	 	44	 	0.00122243	0.00137394	0.00137394	0.00179914	0.00252296	0.00373504	0.00373504	0.00373504	0.00373504	0.00373504	0.00373504	0.00373504	0.379254	
270001	 	44	 	0.00122243	0.00137394	0.00137394	0.00179914	0.00252296	0.00373504	0.00373504	0.00373504	0.00373504	0.00373504	0.00373504	0.00373504	0.379254	
280001	 	44	 	0.00122243	0.00137394	0.00137394	0.00179914	0.00252296	0.00373504	0.00373504	0.00373504	0.00373504	0.00373504	0.00373504	0.00373504	0.379254	
290001	 	44	 	0.00122243	0.00137394	0.00137394	0.00179914	0.00252296	0.00373504	0.00373504	0.00373504	0.00373504	0.00373504	0.00373504	0.00373504	0.379254	
300001	 	44	 	0.00122243	0.00137394	0.00137394	0.00179914	0.00252296	0.00373504	0.00373504	0.00373504	0.00373504	0.00373504	0.00373504	0.00373504	0.379254	
310001	 	69	 	0.00233857	0.0027931	0.0027931	0.00364348	0.00509113	0.0075153	0.0075153	0.0075153	0.0075153	0.0075153	0.0075153	0.0075153	0.360944	
320001	 	69	 	0.00233857	0.0027931	0.0027931	0.00364348	0.00509113	0.0075153	0.0075153	0.0075153	0.0075153	0.0075153	0.0075153	0.0075153	0.360944	
330001	 	69	 	0.00233857	0.0027931	0.0027931	0.00364348	0.00509113	0.0075153	0.0075153	0.0075153	0.0075153	0.0075153	0.0075153	0.0075153	0.360944	
340001	 	69	 	0.00233857	0.0027931	0.0027931	0.00364348	0.00509113	0.0075153	0.0075153	0.0075153	0.0075153	0.0075153	0.0075153	0.0075153	0.360944	
350001	 	93	 	0.00340155	0.0041591	0.00440737	0.00525776	0.00742923	0.0110655	0.0110655	0.0110655	0.0110655	0.0110655	0.0110655	0.0110655	0.342405	
360001	 	93	 	0.00340155	0.0041591	0.00440737	0.00525776	0.00742923	0.0110655	0.0110655	0.0110655	0.0110655	0.0110655	0.0110655	0.0110655	0.342405	
370001	 	123	 	0.00478343	0.00569249	0.00618904	0.00746462	0.0103599	0.0152082	0.0152082	0.0152082	0.0152082	0.0152082	0.0152082	0.0152082	0.324459	
380001	 	148	 	0.00595271	0.00701329	0.00750983	0.0092106	0.0128297	0.0188901	0.0188901	0.0188901	0.0188901	0.0188901	0.0188901	0.0188901	0.306051	
390001	 	148	 	0.00595271	0.00701329	0.00750983	0.0092106	0.0128297	0.0188901	0.0188901	0.0188901	0.0188901	0.0188901	0.0188901	0.0188901	0.306051	
400001	 	148	 	0.00595271	0.00701329	0.00750983	0.0092106	0.0128297	0.0188901	0.0188901	0.0188901	0.0188901	0.0188901	0.0188901	0.0188901	0.306051	
410001	 	166	 	0.00595271	0.00701329	0.00750983	0.0092106	0.0128297	0.0188901	0.0188901	0.0188901	0.0188901	0.0188901	0.0188901	0.0188901	0.703659	
420001	 	166	 	0.00595271	0.00701329	0.00750983	0.0092106	0.0128297	0.0188901	0.0188901	0.0188901	0.0188901	0.0188901	0.0188901	0.0188901	0.703659	
430001	 	166	 	0.00595271	0.00701329	0.00750983	0.0092106	0.0128297	0.0188901	0.0188901	0.0188901	0.0188901	0.0188901	0.0188901	0.0188901	0.703659	
440001	 	166	 	0.00595271	0.00701329	0.00750983	0.0092106	0.0128297	0.0188901	0.0188901	0.0188901	0.0188901	0.0188901	0.0188901	0.0188901	0.703659	
450001	 	166	 	0.00595271	0.00701329	0.00750983	0.0092106	0.0128297	0.0188901	0.0188901	0.0188901	0.0188901	0.0188901	0.0188901	0.0188901	0.703659	
460001	 	166	 	0.00595271	0.00701329	0.00750983	0.0092106	0.0128297	0.0188901	0.0188901	0.0188901	0.0188901	0.0188901	0.0188901	0.0188901	0.703659	
470001	 	166	 	0.00595271	0.00701329	0.00750983	0.0092106	0.0128297	0.0188901	0.0188901	0.0188901	0.0188901	0.0188901	0.0188901	0.0188901	0.703659	
480001	 	166	 	0.00595271	0.00701329	0.00750983	0.0092106	0.0128297	0.0188901	0.0188901	0.0188901	0.0188901	0.0188901	0.0188901	0.0188901	0.703659	
490001	 	166	 	0.00595271	0.00701329	0.00750983	0.0092106	0.0128297	0.0188901	0.0188901	0.0188901	0.0188901	0.0188901	0.0188901	0.0188901	0.703659	
500001	 	166	 	0.00595271	0.00701329	0.00750983	0.0092106	0.0128297	0.0188901	0.0188901	0.0188901	0.0188901	0.0188901	0.0188901	0.0188901	0.703659	
510001	 	166	 	0.00595271	0.00701329	0.00750983	0.0092106	0.0128297	0.0188901	0.0188901	0.0188901	0.0188901	0.0188901	0.0188901	0.0188901	0.703659	
520001	 	166	 	0.00595271	0.00701329	0.00750983	0.0092106	0.0128297	0.0188901	0.0188901	0.0188901	0.0188901	0.0188901	0.0188901	0.0188901	0.703659	
530001	 	166	 	0.00595271	0.00701329	0.00750983	0.0092106	0.0128297	0.0188901	0.0188901	0.0188901	0.0188901	0.0188901	0.0188901	0.0188901	0.703659	
540001	 	166	 	0.00595271	0.00701329	0.00750983	0.0092106	0.0128297	0.0188901	0.0188901	0.0188901	0.0188901	0.0188901	0.0188901	0.0188901	0.703659	
550001	 	166	 	0.00595271	0.00701329	0.00750983	0.0092106	0.0128297	0.0188901	0.0188901	0.0188901	0.0188901	0.0188901	0.0188901	0.0188901	0.703659	
560001	 	166	 	0.00595271	0.00701329	0.00750983	0.0092106	0.0128297	0.0188901	0.0188901	0.0188901	0.0188901	0.0188901	0.0188901	0.0188901	0.703659	
570001	 	166	 	0.00595271	0.00701329	0.00750983	0.0092106	0.0128297	0.0188901	0.0188901	0.0188901	0.0188901	0.0188901	0.0188901	0.0188901	0.703659	
580001	 	168	 	0.00611216	0.00717273	0.00766928	0.00937005	0.0129892	0.0178375	0.0178375	0.0178375	0.0178375	0.0178375	0.0178375	0.0178375	0.702607	
590001	 	194	 	0.00722829	0.00844038	0.00943346	0.0115594	0.0159024	0.0219628	0.0219628	0.0219628	0.0219628	0.0219628	0.0219628	0.0219628	0.684642	
600001	 	194	 	0.00722829	0.00844038	0.00943346	0.0115594	0.0159024	0.0219628	0.0219628	0.0219628	0.0219628	0.0219628	0.0219628	0.0219628	0.684642	
610001	 	194	 	0.00722829	0.00844038	0.00943346	0.0115594	0.0159024	0.0219628	0.0219628	0.0219628	0.0219628	0.0219628	0.0219628	0.0219628	0.684642	
620001	 	219	 	0.00834443	0.00985953	0.0108526	0.0134038	0.0184705	0.0257431	0.0257431	0.0257431	0.0257431	0.0257431	0.0257431	0.0257431	0.666333	
630001	 	219	 	0.00834443	0.00985953	0.0108526	0.0134038	0.0184705	0.0257431	0.0257431	0.0257431	0.0257431	0.0257431	0.0257431	0.0257431	0.666333	
640001	 	251	 	0.00977945	0.0115976	0.0128389	0.0158153	0.0216059	0.0300905	0.0300905	0.0300905	0.0300905	0.0300905	0.0300905	0.0300905	0.648592	
650001	 	310	 	0.0125964	0.014869	0.0163587	0.0201854	0.0266998	0.0363965	0.0363965	0.0363965	0.0363965	0.0363965	0.0363965	0.0363965	0.610719	
660001	 	310	 	0.0125964	0.014869	0.0163587	0.0201854	0.0266998	0.0363965	0.0363965	0.0363965	0.0363965	0.0363965	0.0363965	0.0363965	0.610719	
670001	 	310	 	0.0125964	0.014869	0.0163587	0.0201854	0.0266998	0.0363965	0.0363965	0.0363965	0.0363965	0.0363965	0.0363965	0.0363965	0.610719	
680001	 	330	 	0.0134467	0.0160224	0.0175121	0.021764	0.0290022	0.039911	0.039911	0.039911	0.039911	0.039911	0.039911	0.039911	0.592144	
690001	 	330	 	0.0134467	0.0160224	0.0175121	0.021764	0.0290022	0.039911	0.039911	0.039911	0.039911	0.039911	0.039911	0.039911	0.592144	
700001	 	330	 	0.0134467	0.0160224	0.0175121	0.021764	0.0290022	0.039911	0.039911	0.039911	0.039911	0.039911	0.039911	0.039911	0.592144	
710001	 	353	 	0.0144566	0.0171838	0.0189217	0.0235988	0.0315609	0.0436817	0.0436817	0.0436817	0.0436817	0.0436817	0.0436817	0.0436817	0.573825	
720001	 	383	 	0.0157853	0.018967	0.0207049	0.0258073	0.0344931	0.0478261	0.0478261	0.0478261	0.0478261	0.0478261	0.0478261	0.0478261	0.555881	
730001	 	410	 	0.0169014	0.0205377	0.0225239	0.0280514	0.0374611	0.0520061	0.0520061	0.0520061	0.0520061	0.0520061	0.0520061	0.0520061	0.537971	
740001	 	410	 	0.0169014	0.0205377	0.0225239	0.0280514	0.0374611	0.0520061	0.0520061	0.0520061	0.0520061	0.0520061	0.0520061	0.0520061	0.537971	
750001	 	410	 	0.0169014	0.0205377	0.0225239	0.0280514	0.0374611	0.0520061	0.0520061	0.0520061	0.0520061	0.0520061	0.0520061	0.0520061	0.537971	
760001	 	410	 	0.0169014	0.0205377	0.0225239	0.0280514	0.0374611	0.0520061	0.0520061	0.0520061	0.0520061	0.0520061	0.0520061	0.0520061	0.537971	
770001	 	410	 	0.0169014	0.0205377	0.0225239	0.0280514	0.0374611	0.0520061	0.0520061	0.0520061	0.0520061	0.0520061	0.0520061	0.0520061	0.537971	
780001	 	410	 	0.0169014	0.0205377	0.0225239	0.0280514	0.0374611	0.0520061	0.0520061	0.0520061	0.0520061	0.0520061	0.0520061	0.0520061	0.537971	
790001	 	410	 	0.0169014	0.0205377	0.0225239	0.0280514	0.0374611	0.0520061	0.0520061	0.0520061	0.0520061	0.0520061	0.0520061	0.0520061	0.537971	
800001	 	410	 	0.0169014	0.0205377	0.0225239	0.0280514	0.0374611	0.0520061	0.0520061	0.0520061	0.0520061	0.0520061	0.0520061	0.0520061	0.537971	
810001	 	428	 	0.0169014	0.0205377	0.0225239	0.0280514	0.0374611	0.0520061	0.0520061	0.0520061	0.0520061	0.0520061	0.0520061	0.0520061	0.935579	
820001	 	428	 	0.0169014	0.0205377	0.0225239	0.0280514	0.0374611	0.0520061	0.0520061	0.0520061	0.0520061	0.0520061	0.0520061	0.0520061	0.935579	
830001	 	428	 	0.0169014	0.0205377	0.0225239	0.0280514	0.0374611	0.0520061	0.0520061	0.0520061	0.0520061	0.0520061	0.0520061	0.0520061	0.935579	
840001	 	428	 	0.0169014	0.0205377	0.0225239	0.0280514	0.0374611	0.0520061	0.0520061	0.0520061	0.0520061	0.0520061	0.0520061	0.0520061	0.935579	
850001	 	429	 	0.0170077	0.020644	0.0226302	0.0281577	0.0375674	0.0509003	0.0509003	0.0509003	0.0509003	0.0509003	0.0509003	0.0509003	0.934473	
860001	 	429	 	0.0170077	0.020644	0.0226302	0.0281577	0.0375674	0.0509003	0.0509003	0.0509003	0.0509003	0.0509003	0.0509003	0.0509003	0.934473	
870001	 	459	 	0.0183365	0.0222758	0.0245102	0.0304629	0.0405964	0.0551415	0.0551415	0.0551415	0.0551415	0.0551415	0.0551415	0.0551415	0.916625	
880001	 	519	 	0.0210471	0.0255924	0.0283234	0.0351265	0.0467077	0.0624648	0.0624648	0.0624648	0.0624648	0.0624648	0.0624648	0.0624648	0.87977	
890001	 	521	 	0.0212065	0.0257519	0.0284828	0.0352859	0.0461433	0.0619004	0.0619004	0.0619004	0.0619004	0.0619004	0.0619004	0.0619004	0.879205	
900001	 	521	 	0.0212065	0.0257519	0.0284828	0.0352859	0.0461433	0.0619004	0.0619004	0.0619004	0.0619004	0.0619004	0.0619004	0.0619004	0.879205	
910001	 	521	 	0.0212065	0.0257519	0.0284828	0.0352859	0.0461433	0.0619004	0.0619004	0.0619004	0.0619004	0.0619004	0.0619004	0.0619004	0.879205	
920001	 	521	 	0.0212065	0.0257519	0.0284828	0.0352859	0.0461433	0.0619004	0.0619004	0.0619004	0.0619004	0.0619004	0.0619004	0.0619004	0.879205	
930001	 	521	 	0.0212065	0.0257519	0.0284828	0.0352859	0.0461433	0.0619004	0.0619004	0.0619004	0.0619004	0.0619004	0.0619004	0.0619004	0.879205	
940001	 	521	 	0.0212065	0.0257519	0.0284828	0.0352859	0.0461433	0.0619004	0.0619004	0.0619004	0.0619004	0.0619004	0.0619004	0.0619004	0.879205	
950001	 	521	 	0.0212065	0.0257519	0.0284828	0.0352859	0.0461433	0.0619004	0.0619004	0.0619004	0.0619004	0.0619004	0.0619004	0.0619004	0.879205	
960001	 	521	 	0.0212065	0.0257519	0.0284828	0.0352859	0.0461433	0.0619004	0.0619004	0.0619004	0.0619004	0.0619004	0.0619004	0.0619004	0.879205	
970001	 	521	 	0.0212065	0.0257519	0.0284828	0.0352859	0.0461433	0.0619004	0.0619004	0.0619004	0.0619004	0.0619004	0.0619004	0.0619004	0.879205	
980001	 	568	 	0.0232794	0.0281277	0.0313552	0.0390087	0.0513137	0.069495	0.069495	0.069495	0.069495	0.069495	0.069495	0.069495	0.842621	
990001	 	568	 	0.0232794	0.0281277	0.0313552	0.0390087	0.0513137	0.069495	0.069495	0.069495	0.069495	0.069495	0.069495	0.069495	0.842621	
1000001	 	568	 	0.0232794	0.0281277	0.0313552	0.0390087	0.0513137	0.069495	0.069495	0.069495	0.069495	0.069495	0.069495	0.069495	0.842621	
 
 
*--------------------------------------------------------------------------------------------------------------------------* 

ntimestep 	 Particles 	 Cumulative mass distribution 

1	 	0	 	0	0	0	0	0	0	0	0	0	0	0	0	0	
10001	 	18	 	0	0	0	0	0	0	0	0	0	0	0	0	0.397608	
20001	 	18	 	0	0	0	0	0	0	0	0	0	0	0	0	0.397608	
30001	 	18	 	0	0	0	0	0	0	0	0	0	0	0	0	0.397608	
40001	 	18	 	0	0	0	0	0	0	0	0	0	0	0	0	0.397608	
50001	 	18	 	0	0	0	0	0	0	0	0	0	0	0	0	0.397608	
60001	 	18	 	0	0	0	0	0	0	0	0	0	0	0	0	0.397608	
70001	 	18	 	0	0	0	0	0	0	0	0	0	0	0	0	0.397608	
80001	 	18	 	0	0	0	0	0	0	0	0	0	0	0	0	0.397608	
90001	 	18	 	0	0	0	0	0	0	0	0	0	0	0	0	0.397608	
100001	 	18	 	0	0	0	0	0	0	0	0	0	0	0	0	0.397608	
110001	 	18	 	0	0	0	0	0	0	0	0	0	0	0	0	0.397608	
120001	 	18	 	0	0	0	0	0	0	0	0	0	0	0	0	0.397608	
130001	 	18	 	0	0	0	0	0	0	0	0	0	0	0	0	0.397608	
140001	 	18	 	0	0	0	0	0	0	0	0	0	0	0	0	0.397608	
150001	 	18	 	0	0	0	0	0	0	0	0	0	0	0	0	0.397608	
160001	 	18	 	0	0	0	0	0	0	0	0	0	0	0	0	0.397608	
170001	 	18	 	0	0	0	0	0	0	0	0	0	0	0	0	0.397608	
180001	 	18	 	0	0	0	0	0	0	0	0	0	0	0	0	0.397608	
190001	 	18	 	0	0	0	0	0	0	0	0	0	0	0	0	0.397608	
200001	 	18	 	0	0	0	0	0	0	0	0	0	0	0	0	0.397608	
210001	 	18	 	0	0	0	0	0	0	0	0	0	0	0	0	0.397608	
220001	 	18	 	0	0	0	0	0	0	0	0	0	0	0	0	0.397608	
230001	 	18	 	0	0	0	0	0	0	0	0	0	0	0	0	0.397608	
240001	 	44	 	0.00122243	0.00137394	0.00137394	0.00179914	0.00252296	0.00373504	0.00373504	0.00373504	0.00373504	0.00373504	0.00373504	0.00373504	0.379254	
250001	 	44	 	0.00122243	0.00137394	0.00137394	0.00179914	0.00252296	0.00373504	0.00373504	0.00373504	0.00373504	0.00373504	0.00373504	0.00373504	0.379254	
260001	 	44	 	0.00122243	0.00137394	0.00137394	0.00179914	0.00252296	0.00373504	0.00373504	0.00373504	0.00373504	0.00373504	0.00373504	0.00373504	0.379254	
270001	 	44	 	0.00122243	0.00137394	0.00137394	0.00179914	0.00252296	0.00373504	0.00373504	0.00373504	0.00373504	0.00373504	0.00373504	0.00373504	0.379254	
280001	 	44	 	0.00122243	0.00137394	0.00137394	0.00179914	0.00252296	0.00373504	0.00373504	0.00373504	0.00373504	0.00373504	0.00373504	0.00373504	0.379254	
290001	 	44	 	0.00122243	0.00137394	0.00137394	0.00179914	0.00252296	0.00373504	0.00373504	0.00373504	0.00373504	0.00373504	0.00373504	0.00373504	0.379254	
300001	 	44	 	0.00122243	0.00137394	0.00137394	0.00179914	0.00252296	0.00373504	0.00373504	0.00373504	0.00373504	0.00373504	0.00373504	0.00373504	0.379254	
310001	 	69	 	0.00233857	0.0027931	0.0027931	0.00364348	0.00509113	0.0075153	0.0075153	0.0075153	0.0075153	0.0075153	0.0075153	0.0075153	0.360944	
320001	 	69	 	0.00233857	0.0027931	0.0027931	0.00364348	0.00509113	0.0075153	0.0075153	0.0075153	0.0075153	0.0075153	0.0075153	0.0075153	0.360944	
330001	 	69	 	0.00233857	0.0027931	0.0027931	0.00364348	0.00509113	0.0075153	0.0075153	0.0075153	0.0075153	0.0075153	0.0075153	0.0075153	0.360944	
340001	 	69	 	0.00233857	0.0027931	0.0027931	0.00364348	0.00509113	0.0075153	0.0075153	0.0075153	0.0075153	0.0075153	0.0075153	0.0075153	0.360944	
350001	 	93	 	0.00340155	0.0041591	0.00440737	0.00525776	0.00742923	0.0110655	0.0110655	0.0110655	0.0110655	0.0110655	0.0110655	0.0110655	0.342405	
360001	 	93	 	0.00340155	0.0041591	0.00440737	0.00525776	0.00742923	0.0110655	0.0110655	0.0110655	0.0110655	0.0110655	0.0110655	0.0110655	0.342405	
370001	 	123	 	0.00478343	0.00569249	0.00618904	0.00746462	0.0103599	0.0152082	0.0152082	0.0152082	0.0152082	0.0152082	0.0152082	0.0152082	0.324459	
380001	 	148	 	0.00595271	0.00701329	0.00750983	0.0092106	0.0128297	0.0188901	0.0188901	0.0188901	0.0188901	0.0188901	0.0188901	0.0188901	0.306051	
390001	 	148	 	0.00595271	0.00701329	0.00750983	0.0092106	0.0128297	0.0188901	0.0188901	0.0188901	0.0188901	0.0188901	0.0188901	0.0188901	0.306051	
400001	 	148	 	0.00595271	0.00701329	0.00750983	0.0092106	0.0128297	0.0188901	0.0188901	0.0188901	0.0188901	0.0188901	0.0188901	0.0188901	0.306051	
410001	 	166	 	0.00595271	0.00701329	0.00750983	0.0092106	0.0128297	0.0188901	0.0188901	0.0188901	0.0188901	0.0188901	0.0188901	0.0188901	0.703659	
420001	 	166	 	0.00595271	0.00701329	0.00750983	0.0092106	0.0128297	0.0188901	0.0188901	0.0188901	0.0188901	0.0188901	0.0188901	0.0188901	0.703659	
430001	 	166	 	0.00595271	0.00701329	0.00750983	0.0092106	0.0128297	0.0188901	0.0188901	0.0188901	0.0188901	0.0188901	0.0188901	0.0188901	0.703659	
440001	 	166	 	0.00595271	0.00701329	0.00750983	0.0092106	0.0128297	0.0188901	0.0188901	0.0188901	0.0188901	0.0188901	0.0188901	0.0188901	0.703659	
450001	 	166	 	0.00595271	0.00701329	0.00750983	0.0092106	0.0128297	0.0188901	0.0188901	0.0188901	0.0188901	0.0188901	0.0188901	0.0188901	0.703659	
460001	 	166	 	0.00595271	0.00701329	0.00750983	0.0092106	0.0128297	0.0188901	0.0188901	0.0188901	0.0188901	0.0188901	0.0188901	0.0188901	0.703659	
470001	 	166	 	0.00595271	0.00701329	0.00750983	0.0092106	0.0128297	0.0188901	0.0188901	0.0188901	0.0188901	0.0188901	0.0188901	0.0188901	0.703659	
480001	 	166	 	0.00595271	0.00701329	0.00750983	0.0092106	0.0128297	0.0188901	0.0188901	0.0188901	0.0188901	0.0188901	0.0188901	0.0188901	0.703659	
490001	 	166	 	0.00595271	0.00701329	0.00750983	0.0092106	0.0128297	0.0188901	0.0188901	0.0188901	0.0188901	0.0188901	0.0188901	0.0188901	0.703659	
500001	 	166	 	0.00595271	0.00701329	0.00750983	0.0092106	0.0128297	0.0188901	0.0188901	0.0188901	0.0188901	0.0188901	0.0188901	0.0188901	0.703659	
510001	 	166	 	0.00595271	0.00701329	0.00750983	0.0092106	0.0128297	0.0188901	0.0188901	0.0188901	0.0188901	0.0188901	0.0188901	0.0188901	0.703659	
520001	 	166	 	0.00595271	0.00701329	0.00750983	0.0092106	0.0128297	0.0188901	0.0188901	0.0188901	0.0188901	0.0188901	0.0188901	0.0188901	0.703659	
530001	 	166	 	0.00595271	0.00701329	0.00750983	0.0092106	0.0128297	0.0188901	0.0188901	0.0188901	0.0188901	0.0188901	0.0188901	0.0188901	0.703659	
540001	 	166	 	0.00595271	0.00701329	0.00750983	0.0092106	0.0128297	0.0188901	0.0188901	0.0188901	0.0188901	0.0188901	0.0188901	0.0188901	0.703659	
550001	 	166	 	0.00595271	0.00701329	0.00750983	0.0092106	0.0128297	0.0188901	0.0188901	0.0188901	0.0188901	0.0188901	0.0188901	0.0188901	0.703659	
560001	 	166	 	0.00595271	0.00701329	0.00750983	0.0092106	0.0128297	0.0188901	0.0188901	0.0188901	0.0188901	0.0188901	0.0188901	0.0188901	0.703659	
570001	 	166	 	0.00595271	0.00701329	0.00750983	0.0092106	0.0128297	0.0188901	0.0188901	0.0188901	0.0188901	0.0188901	0.0188901	0.0188901	0.703659	
 
 
*--------------------------------------------------------------------------------------------------------------------------* 

ntimestep 	 Particles 	 Cumulative mass distribution 

1	 	0	 	0	0	0	0	0	0	0	0	0	0	0	0	0	
10001	 	18	 	0	0	0	0	0	0	0	0	0	0	0	0	0.397608	
20001	 	18	 	0	0	0	0	0	0	0	0	0	0	0	0	0.397608	
30001	 	18	 	0	0	0	0	0	0	0	0	0	0	0	0	0.397608	
40001	 	18	 	0	0	0	0	0	0	0	0	0	0	0	0	0.397608	
50001	 	18	 	0	0	0	0	0	0	0	0	0	0	0	0	0.397608	
60001	 	18	 	0	0	0	0	0	0	0	0	0	0	0	0	0.397608	
70001	 	18	 	0	0	0	0	0	0	0	0	0	0	0	0	0.397608	
80001	 	18	 	0	0	0	0	0	0	0	0	0	0	0	0	0.397608	
90001	 	18	 	0	0	0	0	0	0	0	0	0	0	0	0	0.397608	
100001	 	18	 	0	0	0	0	0	0	0	0	0	0	0	0	0.397608	
110001	 	18	 	0	0	0	0	0	0	0	0	0	0	0	0	0.397608	
120001	 	18	 	0	0	0	0	0	0	0	0	0	0	0	0	0.397608	
130001	 	18	 	0	0	0	0	0	0	0	0	0	0	0	0	0.397608	
140001	 	18	 	0	0	0	0	0	0	0	0	0	0	0	0	0.397608	
150001	 	18	 	0	0	0	0	0	0	0	0	0	0	0	0	0.397608	
160001	 	18	 	0	0	0	0	0	0	0	0	0	0	0	0	0.397608	
170001	 	18	 	0	0	0	0	0	0	0	0	0	0	0	0	0.397608	
180001	 	18	 	0	0	0	0	0	0	0	0	0	0	0	0	0.397608	
190001	 	18	 	0	0	0	0	0	0	0	0	0	0	0	0	0.397608	
200001	 	18	 	0	0	0	0	0	0	0	0	0	0	0	0	0.397608	
210001	 	18	 	0	0	0	0	0	0	0	0	0	0	0	0	0.397608	
220001	 	18	 	0	0	0	0	0	0	0	0	0	0	0	0	0.397608	
230001	 	18	 	0	0	0	0	0	0	0	0	0	0	0	0	0.397608	
240001	 	44	 	0.00122243	0.00137394	0.00137394	0.00179914	0.00252296	0.00373504	0.00373504	0.00373504	0.00373504	0.00373504	0.00373504	0.00373504	0.379254	
250001	 	44	 	0.00122243	0.00137394	0.00137394	0.00179914	0.00252296	0.00373504	0.00373504	0.00373504	0.00373504	0.00373504	0.00373504	0.00373504	0.379254	
260001	 	44	 	0.00122243	0.00137394	0.00137394	0.00179914	0.00252296	0.00373504	0.00373504	0.00373504	0.00373504	0.00373504	0.00373504	0.00373504	0.379254	
270001	 	44	 	0.00122243	0.00137394	0.00137394	0.00179914	0.00252296	0.00373504	0.00373504	0.00373504	0.00373504	0.00373504	0.00373504	0.00373504	0.379254	
280001	 	44	 	0.00122243	0.00137394	0.00137394	0.00179914	0.00252296	0.00373504	0.00373504	0.00373504	0.00373504	0.00373504	0.00373504	0.00373504	0.379254	
290001	 	44	 	0.00122243	0.00137394	0.00137394	0.00179914	0.00252296	0.00373504	0.00373504	0.00373504	0.00373504	0.00373504	0.00373504	0.00373504	0.379254	
300001	 	44	 	0.00122243	0.00137394	0.00137394	0.00179914	0.00252296	0.00373504	0.00373504	0.00373504	0.00373504	0.00373504	0.00373504	0.00373504	0.379254	
 
 
*--------------------------------------------------------------------------------------------------------------------------* 

ntimestep 	 Particles 	 Cumulative mass distribution 

1	 	0	 	0	0	0	0	0	0	0	0	0	0	0	0	0	
10001	 	18	 	0	0	0	0	0	0	0	0	0	0	0	0	0.397608	
20001	 	18	 	0	0	0	0	0	0	0	0	0	0	0	0	0.397608	
30001	 	18	 	0	0	0	0	0	0	0	0	0	0	0	0	0.397608	
40001	 	18	 	0	0	0	0	0	0	0	0	0	0	0	0	0.397608	
50001	 	18	 	0	0	0	0	0	0	0	0	0	0	0	0	0.397608	
60001	 	18	 	0	0	0	0	0	0	0	0	0	0	0	0	0.397608	
70001	 	18	 	0	0	0	0	0	0	0	0	0	0	0	0	0.397608	
80001	 	18	 	0	0	0	0	0	0	0	0	0	0	0	0	0.397608	
90001	 	18	 	0	0	0	0	0	0	0	0	0	0	0	0	0.397608	
100001	 	18	 	0	0	0	0	0	0	0	0	0	0	0	0	0.397608	
110001	 	18	 	0	0	0	0	0	0	0	0	0	0	0	0	0.397608	
120001	 	18	 	0	0	0	0	0	0	0	0	0	0	0	0	0.397608	
130001	 	18	 	0	0	0	0	0	0	0	0	0	0	0	0	0.397608	
140001	 	18	 	0	0	0	0	0	0	0	0	0	0	0	0	0.397608	
150001	 	18	 	0	0	0	0	0	0	0	0	0	0	0	0	0.397608	
160001	 	18	 	0	0	0	0	0	0	0	0	0	0	0	0	0.397608	
170001	 	18	 	0	0	0	0	0	0	0	0	0	0	0	0	0.397608	
180001	 	18	 	0	0	0	0	0	0	0	0	0	0	0	0	0.397608	
190001	 	18	 	0	0	0	0	0	0	0	0	0	0	0	0	0.397608	
200001	 	18	 	0	0	0	0	0	0	0	0	0	0	0	0	0.397608	
210001	 	18	 	0	0	0	0	0	0	0	0	0	0	0	0	0.397608	
220001	 	18	 	0	0	0	0	0	0	0	0	0	0	0	0	0.397608	
230001	 	18	 	0	0	0	0	0	0	0	0	0	0	0	0	0.397608	
240001	 	104	 	0.00409249	0.00485004	0.00534658	0.00577178	0.0064956	0.00770769	0.00770769	0.00770769	0.00770769	0.00770769	0.00770769	0.00770769	0.383226	
250001	 	104	 	0.00409249	0.00485004	0.00534658	0.00577178	0.0064956	0.00770769	0.00770769	0.00770769	0.00770769	0.00770769	0.00770769	0.00770769	0.383226	
260001	 	104	 	0.00409249	0.00485004	0.00534658	0.00577178	0.0064956	0.00770769	0.00770769	0.00770769	0.00770769	0.00770769	0.00770769	0.00770769	0.383226	
270001	 	104	 	0.00409249	0.00485004	0.00534658	0.00577178	0.0064956	0.00770769	0.00770769	0.00770769	0.00770769	0.00770769	0.00770769	0.00770769	0.383226	
280001	 	104	 	0.00409249	0.00485004	0.00534658	0.00577178	0.0064956	0.00770769	0.00770769	0.00770769	0.00770769	0.00770769	0.00770769	0.00770769	0.383226	
290001	 	104	 	0.00409249	0.00485004	0.00534658	0.00577178	0.0064956	0.00770769	0.00770769	0.00770769	0.00770769	0.00770769	0.00770769	0.00770769	0.383226	
300001	 	104	 	0.00409249	0.00485004	0.00534658	0.00577178	0.0064956	0.00770769	0.00770769	0.00770769	0.00770769	0.00770769	0.00770769	0.00770769	0.383226	
310001	 	191	 	0.00823813	0.00975323	0.0107463	0.0115967	0.0130444	0.0154685	0.0154685	0.0154685	0.0154685	0.0154685	0.0154685	0.0154685	0.368898	
320001	 	191	 	0.00823813	0.00975323	0.0107463	0.0115967	0.0130444	0.0154685	0.0154685	0.0154685	0.0154685	0.0154685	0.0154685	0.0154685	0.368898	
330001	 	191	 	0.00823813	0.00975323	0.0107463	0.0115967	0.0130444	0.0154685	0.0154685	0.0154685	0.0154685	0.0154685	0.0154685	0.0154685	0.368898	
340001	 	191	 	0.00823813	0.00975323	0.0107463	0.0115967	0.0130444	0.0154685	0.0154685	0.0154685	0.0154685	0.0154685	0.0154685	0.0154685	0.368898	
350001	 	279	 	0.0124901	0.0147627	0.0162524	0.0171027	0.0192742	0.0229105	0.0229105	0.0229105	0.0229105	0.0229105	0.0229105	0.0229105	0.35425	
360001	 	279	 	0.0124901	0.0147627	0.0162524	0.0171027	0.0192742	0.0229105	0.0229105	0.0229105	0.0229105	0.0229105	0.0229105	0.0229105	0.35425	
370001	 	365	 	0.0165826	0.0196128	0.0215989	0.0228745	0.0257698	0.0306182	0.0306182	0.0306182	0.0306182	0.0306182	0.0306182	0.0306182	0.339869	
380001	 	451	 	0.020675	0.0244628	0.0269455	0.0286463	0.0322654	0.0383258	0.0383258	0.0383258	0.0383258	0.0383258	0.0383258	0.0383258	0.325487	
390001	 	451	 	0.020675	0.0244628	0.0269455	0.0286463	0.0322654	0.0383258	0.0383258	0.0383258	0.0383258	0.0383258	0.0383258	0.0383258	0.325487	
400001	 	451	 	0.020675	0.0244628	0.0269455	0.0286463	0.0322654	0.0383258	0.0383258	0.0383258	0.0383258	0.0383258	0.0383258	0.0383258	0.325487	
410001	 	469	 	0.020675	0.0244628	0.0269455	0.0286463	0.0322654	0.0383258	0.0383258	0.0383258	0.0383258	0.0383258	0.0383258	0.0383258	0.723095	
 
 
*--------------------------------------------------------------------------------------------------------------------------* 

ntimestep 	 Particles 	 Cumulative mass distribution 

1005001	 	568	 	0.0232794	0.0281277	0.0313552	0.0390087	0.0513137	0.069495	0.069495	0.069495	0.069495	0.069495	0.069495	0.069495	0.842621	
1015001	 	568	 	0.0232794	0.0281277	0.0313552	0.0390087	0.0513137	0.069495	0.069495	0.069495	0.069495	0.069495	0.069495	0.069495	0.842621	
1025001	 	568	 	0.0232794	0.0281277	0.0313552	0.0390087	0.0513137	0.069495	0.069495	0.069495	0.069495	0.069495	0.069495	0.069495	0.842621	
1035001	 	568	 	0.0232794	0.0281277	0.0313552	0.0390087	0.0513137	0.069495	0.069495	0.069495	0.069495	0.069495	0.069495	0.069495	0.842621	
1045001	 	568	 	0.0232794	0.0281277	0.0313552	0.0390087	0.0513137	0.069495	0.069495	0.069495	0.069495	0.069495	0.069495	0.069495	0.842621	
1055001	 	663	 	0.0279033	0.0336607	0.0373848	0.0450383	0.0580671	0.0762484	0.0762484	0.0762484	0.0762484	0.0762484	0.0762484	0.0762484	0.827285	
1065001	 	663	 	0.0279033	0.0336607	0.0373848	0.0450383	0.0580671	0.0762484	0.0762484	0.0762484	0.0762484	0.0762484	0.0762484	0.0762484	0.827285	
1075001	 	663	 	0.0279033	0.0336607	0.0373848	0.0450383	0.0580671	0.0762484	0.0762484	0.0762484	0.0762484	0.0762484	0.0762484	0.0762484	0.827285	
1085001	 	665	 	0.0280628	0.0338202	0.0375443	0.0447725	0.0578014	0.0759826	0.0759826	0.0759826	0.0759826	0.0759826	0.0759826	0.0759826	0.82702	
1095001	 	665	 	0.0280628	0.0338202	0.0375443	0.0447725	0.0578014	0.0759826	0.0759826	0.0759826	0.0759826	0.0759826	0.0759826	0.0759826	0.82702	
1105001	 	665	 	0.0280628	0.0338202	0.0375443	0.0447725	0.0578014	0.0759826	0.0759826	0.0759826	0.0759826	0.0759826	0.0759826	0.0759826	0.82702	
1115001	 	758	 	0.0325273	0.0391938	0.0434144	0.0510679	0.0648205	0.0830018	0.0830018	0.0830018	0.0830018	0.0830018	0.0830018	0.0830018	0.811949	
1125001	 	777	 	0.0335903	0.0405598	0.0447804	0.0524339	0.0654627	0.0812198	0.0812198	0.0812198	0.0812198	0.0812198	0.0812198	0.0812198	0.810167	
1135001	 	779	 	0.0337497	0.0407192	0.0449399	0.0521681	0.065197	0.0809541	0.0809541	0.0809541	0.0809541	0.0809541	0.0809541	0.0809541	0.809902	
1145001	 	783	 	0.0340155	0.040985	0.0452056	0.0524339	0.0647389	0.080496	0.080496	0.080496	0.080496	0.080496	0.080496	0.080496	0.809444	
1155001	 	794	 	0.0346533	0.0417743	0.0459949	0.0532232	0.0648044	0.0793494	0.0793494	0.0793494	0.0793494	0.0793494	0.0793494	0.0793494	0.808297	
 
 
*--------------------------------------------------------------------------------------------------------------------------* 

ntimestep 	 Particles 	 Cumulative mass distribution 

1	 	0	 	0	0	0	0	0	0	0	0	0	0	0	0	0	
10001	 	18	 	0	0	0	0	0	0	0	0	0	0	0	0	0.397608	
20001	 	18	 	0	0	0	0	0	0	0	0	0	0	0	0	0.397608	
30001	 	18	 	0	0	0	0	0	0	0	0	0	0	0	0	0.397608	
40001	 	18	 	0	0	0	0	0	0	0	0	0	0	0	0	0.397608	
50001	 	18	 	0	0	0	0	0	0	0	0	0	0	0	0	0.397608	
60001	 	18	 	0	0	0	0	0	0	0	0	0	0	0	0	0.397608	
70001	 	18	 	0	0	0	0	0	0	0	0	0	0	0	0	0.397608	
80001	 	18	 	0	0	0	0	0	0	0	0	0	0	0	0	0.397608	
90001	 	18	 	0	0	0	0	0	0	0	0	0	0	0	0	0.397608	
100001	 	18	 	0	0	0	0	0	0	0	0	0	0	0	0	0.397608	
110001	 	18	 	0	0	0	0	0	0	0	0	0	0	0	0	0.397608	
120001	 	18	 	0	0	0	0	0	0	0	0	0	0	0	0	0.397608	
130001	 	18	 	0	0	0	0	0	0	0	0	0	0	0	0	0.397608	
140001	 	18	 	0	0	0	0	0	0	0	0	0	0	0	0	0.397608	
150001	 	18	 	0	0	0	0	0	0	0	0	0	0	0	0	0.397608	
160001	 	18	 	0	0	0	0	0	0	0	0	0	0	0	0	0.397608	
170001	 	18	 	0	0	0	0	0	0	0	0	0	0	0	0	0.397608	
180001	 	18	 	0	0	0	0	0	0	0	0	0	0	0	0	0.397608	
190001	 	18	 	0	0	0	0	0	0	0	0	0	0	0	0	0.397608	
200001	 	18	 	0	0	0	0	0	0	0	0	0	0	0	0	0.397608	
 
 
*--------------------------------------------------------------------------------------------------------------------------* 

ntimestep 	 Particles 	 Cumulative mass distribution 

1163001	 	801	 	0.0350253	0.0422978	0.0465185	0.0537467	0.0653279	0.0786609	0.0786609	0.0786609	0.0786609	0.0786609	0.0786609	0.0786609	0.807609	
 
 
*--------------------------------------------------------------------------------------------------------------------------* 

ntimestep 	 Particles 	 Cumulative mass distribution 

201001	 	18	 	0	0	0	0	0	0	0	0	0	0	0	0	0.397608	
211001	 	18	 	0	0	0	0	0	0	0	0	0	0	0	0	0.397608	
221001	 	18	 	0	0	0	0	0	0	0	0	0	0	0	0	0.397608	
231001	 	18	 	0	0	0	0	0	0	0	0	0	0	0	0	0.397608	
241001	 	104	 	0.00409249	0.00485004	0.00534658	0.00577178	0.0064956	0.00770769	0.00770769	0.00770769	0.00770769	0.00770769	0.00770769	0.00770769	0.383226	
251001	 	104	 	0.00409249	0.00485004	0.00534658	0.00577178	0.0064956	0.00770769	0.00770769	0.00770769	0.00770769	0.00770769	0.00770769	0.00770769	0.383226	
261001	 	104	 	0.00409249	0.00485004	0.00534658	0.00577178	0.0064956	0.00770769	0.00770769	0.00770769	0.00770769	0.00770769	0.00770769	0.00770769	0.383226	
271001	 	104	 	0.00409249	0.00485004	0.00534658	0.00577178	0.0064956	0.00770769	0.00770769	0.00770769	0.00770769	0.00770769	0.00770769	0.00770769	0.383226	
281001	 	104	 	0.00409249	0.00485004	0.00534658	0.00577178	0.0064956	0.00770769	0.00770769	0.00770769	0.00770769	0.00770769	0.00770769	0.00770769	0.383226	
291001	 	104	 	0.00409249	0.00485004	0.00534658	0.00577178	0.0064956	0.00770769	0.00770769	0.00770769	0.00770769	0.00770769	0.00770769	0.00770769	0.383226	
301001	 	104	 	0.00409249	0.00485004	0.00534658	0.00577178	0.0064956	0.00770769	0.00770769	0.00770769	0.00770769	0.00770769	0.00770769	0.00770769	0.383226	
311001	 	191	 	0.00823813	0.00975323	0.0107463	0.0115967	0.0130444	0.0154685	0.0154685	0.0154685	0.0154685	0.0154685	0.0154685	0.0154685	0.368898	
321001	 	191	 	0.00823813	0.00975323	0.0107463	0.0115967	0.0130444	0.0154685	0.0154685	0.0154685	0.0154685	0.0154685	0.0154685	0.0154685	0.368898	
331001	 	191	 	0.00823813	0.00975323	0.0107463	0.0115967	0.0130444	0.0154685	0.0154685	0.0154685	0.0154685	0.0154685	0.0154685	0.0154685	0.368898	
341001	 	277	 	0.0123306	0.0146033	0.0160929	0.0173685	0.01954	0.0231762	0.0231762	0.0231762	0.0231762	0.0231762	0.0231762	0.0231762	0.354516	
351001	 	279	 	0.0124901	0.0147627	0.0162524	0.0171027	0.0192742	0.0229105	0.0229105	0.0229105	0.0229105	0.0229105	0.0229105	0.0229105	0.35425	
361001	 	279	 	0.0124901	0.0147627	0.0162524	0.0171027	0.0192742	0.0229105	0.0229105	0.0229105	0.0229105	0.0229105	0.0229105	0.0229105	0.35425	
371001	 	365	 	0.0165826	0.0196128	0.0215989	0.0228745	0.0257698	0.0306182	0.0306182	0.0306182	0.0306182	0.0306182	0.0306182	0.0306182	0.339869	
381001	 	464	 	0.0214723	0.0254116	0.0278943	0.0291699	0.0320651	0.0369135	0.0369135	0.0369135	0.0369135	0.0369135	0.0369135	0.0369135	0.324075	
391001	 	477	 	0.0222695	0.0263603	0.028843	0.0296934	0.0318649	0.0355011	0.0355011	0.0355011	0.0355011	0.0355011	0.0355011	0.0355011	0.322662	
401001	 	495	 	0.0222695	0.0263603	0.028843	0.0296934	0.0318649	0.0355011	0.0355011	0.0355011	0.0355011	0.0355011	0.0355011	0.0355011	0.72027	
411001	 	495	 	0.0222695	0.0263603	0.028843	0.0296934	0.0318649	0.0355011	0.0355011	0.0355011	0.0355011	0.0355011	0.0355011	0.0355011	0.72027	
421001	 	495	 	0.0222695	0.0263603	0.028843	0.0296934	0.0318649	0.0355011	0.0355011	0.0355011	0.0355011	0.0355011	0.0355011	0.0355011	0.72027	
431001	 	495	 	0.0222695	0.0263603	0.028843	0.0296934	0.0318649	0.0355011	0.0355011	0.0355011	0.0355011	0.0355011	0.0355011	0.0355011	0.72027	
441001	 	495	 	0.0222695	0.0263603	0.028843	0.0296934	0.0318649	0.0355011	0.0355011	0.0355011	0.0355011	0.0355011	0.0355011	0.0355011	0.72027	
451001	 	495	 	0.0222695	0.0263603	0.028843	0.0296934	0.0318649	0.0355011	0.0355011	0.0355011	0.0355011	0.0355011	0.0355011	0.0355011	0.72027	
461001	 	495	 	0.0222695	0.0263603	0.028843	0.0296934	0.0318649	0.0355011	0.0355011	0.0355011	0.0355011	0.0355011	0.0355011	0.0355011	0.72027	
471001	 	495	 	0.0222695	0.0263603	0.028843	0.0296934	0.0318649	0.0355011	0.0355011	0.0355011	0.0355011	0.0355011	0.0355011	0.0355011	0.72027	
481001	 	495	 	0.0222695	0.0263603	0.028843	0.0296934	0.0318649	0.0355011	0.0355011	0.0355011	0.0355011	0.0355011	0.0355011	0.0355011	0.72027	
491001	 	495	 	0.0222695	0.0263603	0.028843	0.0296934	0.0318649	0.0355011	0.0355011	0.0355011	0.0355011	0.0355011	0.0355011	0.0355011	0.72027	
501001	 	495	 	0.0222695	0.0263603	0.028843	0.0296934	0.0318649	0.0355011	0.0355011	0.0355011	0.0355011	0.0355011	0.0355011	0.0355011	0.72027	
511001	 	495	 	0.0222695	0.0263603	0.028843	0.0296934	0.0318649	0.0355011	0.0355011	0.0355011	0.0355011	0.0355011	0.0355011	0.0355011	0.72027	
521001	 	495	 	0.0222695	0.0263603	0.028843	0.0296934	0.0318649	0.0355011	0.0355011	0.0355011	0.0355011	0.0355011	0.0355011	0.0355011	0.72027	
531001	 	495	 	0.0222695	0.0263603	0.028843	0.0296934	0.0318649	0.0355011	0.0355011	0.0355011	0.0355011	0.0355011	0.0355011	0.0355011	0.72027	
541001	 	495	 	0.0222695	0.0263603	0.028843	0.0296934	0.0318649	0.0355011	0.0355011	0.0355011	0.0355011	0.0355011	0.0355011	0.0355011	0.72027	
551001	 	495	 	0.0222695	0.0263603	0.028843	0.0296934	0.0318649	0.0355011	0.0355011	0.0355011	0.0355011	0.0355011	0.0355011	0.0355011	0.72027	
561001	 	495	 	0.0222695	0.0263603	0.028843	0.0296934	0.0318649	0.0355011	0.0355011	0.0355011	0.0355011	0.0355011	0.0355011	0.0355011	0.72027	
571001	 	495	 	0.0222695	0.0263603	0.028843	0.0296934	0.0318649	0.0355011	0.0355011	0.0355011	0.0355011	0.0355011	0.0355011	0.0355011	0.72027	
581001	 	495	 	0.0222695	0.0263603	0.028843	0.0296934	0.0318649	0.0355011	0.0355011	0.0355011	0.0355011	0.0355011	0.0355011	0.0355011	0.72027	
591001	 	596	 	0.0272655	0.0322654	0.0352447	0.036095	0.0382665	0.0419028	0.0419028	0.0419028	0.0419028	0.0419028	0.0419028	0.0419028	0.704582	
601001	 	596	 	0.0272655	0.0322654	0.0352447	0.036095	0.0382665	0.0419028	0.0419028	0.0419028	0.0419028	0.0419028	0.0419028	0.0419028	0.704582	
611001	 	596	 	0.0272655	0.0322654	0.0352447	0.036095	0.0382665	0.0419028	0.0419028	0.0419028	0.0419028	0.0419028	0.0419028	0.0419028	0.704582	
621001	 	682	 	0.031358	0.0371154	0.0405912	0.0418668	0.0447621	0.0496105	0.0496105	0.0496105	0.0496105	0.0496105	0.0496105	0.0496105	0.690201	
631001	 	695	 	0.0321553	0.0380642	0.04154	0.0423904	0.0445618	0.0481981	0.0481981	0.0481981	0.0481981	0.0481981	0.0481981	0.0481981	0.688788	
641001	 	695	 	0.0321553	0.0380642	0.04154	0.0423904	0.0445618	0.0481981	0.0481981	0.0481981	0.0481981	0.0481981	0.0481981	0.0481981	0.688788	
651001	 	783	 	0.0364072	0.0430737	0.047046	0.0478964	0.0507917	0.05564	0.05564	0.05564	0.05564	0.05564	0.05564	0.05564	0.674141	
661001	 	794	 	0.037045	0.043863	0.0478353	0.0486857	0.0508572	0.0544934	0.0544934	0.0544934	0.0544934	0.0544934	0.0544934	0.0544934	0.672994	
671001	 	794	 	0.037045	0.043863	0.0478353	0.0486857	0.0508572	0.0544934	0.0544934	0.0544934	0.0544934	0.0544934	0.0544934	0.0544934	0.672994	
681001	 	794	 	0.037045	0.043863	0.0478353	0.0486857	0.0508572	0.0544934	0.0544934	0.0544934	0.0544934	0.0544934	0.0544934	0.0544934	0.672994	
691001	 	794	 	0.037045	0.043863	0.0478353	0.0486857	0.0508572	0.0544934	0.0544934	0.0544934	0.0544934	0.0544934	0.0544934	0.0544934	0.672994	
701001	 	794	 	0.037045	0.043863	0.0478353	0.0486857	0.0508572	0.0544934	0.0544934	0.0544934	0.0544934	0.0544934	0.0544934	0.0544934	0.672994	
711001	 	794	 	0.037045	0.043863	0.0478353	0.0486857	0.0508572	0.0544934	0.0544934	0.0544934	0.0544934	0.0544934	0.0544934	0.0544934	0.672994	
721001	 	794	 	0.037045	0.043863	0.0478353	0.0486857	0.0508572	0.0544934	0.0544934	0.0544934	0.0544934	0.0544934	0.0544934	0.0544934	0.672994	
731001	 	794	 	0.037045	0.043863	0.0478353	0.0486857	0.0508572	0.0544934	0.0544934	0.0544934	0.0544934	0.0544934	0.0544934	0.0544934	0.672994	
741001	 	794	 	0.037045	0.043863	0.0478353	0.0486857	0.0508572	0.0544934	0.0544934	0.0544934	0.0544934	0.0544934	0.0544934	0.0544934	0.672994	
751001	 	794	 	0.037045	0.043863	0.0478353	0.0486857	0.0508572	0.0544934	0.0544934	0.0544934	0.0544934	0.0544934	0.0544934	0.0544934	0.672994	
761001	 	794	 	0.037045	0.043863	0.0478353	0.0486857	0.0508572	0.0544934	0.0544934	0.0544934	0.0544934	0.0544934	0.0544934	0.0544934	0.672994	
771001	 	794	 	0.037045	0.043863	0.0478353	0.0486857	0.0508572	0.0544934	0.0544934	0.0544934	0.0544934	0.0544934	0.0544934	0.0544934	0.672994	
781001	 	794	 	0.037045	0.043863	0.0478353	0.0486857	0.0508572	0.0544934	0.0544934	0.0544934	0.0544934	0.0544934	0.0544934	0.0544934	0.672994	
791001	 	794	 	0.037045	0.043863	0.0478353	0.0486857	0.0508572	0.0544934	0.0544934	0.0544934	0.0544934	0.0544934	0.0544934	0.0544934	0.672994	
801001	 	812	 	0.037045	0.043863	0.0478353	0.0486857	0.0508572	0.0544934	0.0544934	0.0544934	0.0544934	0.0544934	0.0544934	0.0544934	1.0706	
811001	 	908	 	0.0417221	0.0494492	0.0539181	0.0547684	0.0576637	0.0613	0.0613	0.0613	0.0613	0.0613	0.0613	0.0613	1.05532	
821001	 	991	 	0.0456552	0.0541398	0.0591052	0.0603808	0.0639999	0.0688482	0.0688482	0.0688482	0.0688482	0.0688482	0.0688482	0.0688482	1.04078	
831001	 	1004	 	0.0464524	0.0550885	0.0600539	0.0609043	0.0637996	0.0674359	0.0674359	0.0674359	0.0674359	0.0674359	0.0674359	0.0674359	1.03937	
841001	 	1004	 	0.0464524	0.0550885	0.0600539	0.0609043	0.0637996	0.0674359	0.0674359	0.0674359	0.0674359	0.0674359	0.0674359	0.0674359	1.03937	
851001	 	1004	 	0.0464524	0.0550885	0.0600539	0.0609043	0.0637996	0.0674359	0.0674359	0.0674359	0.0674359	0.0674359	0.0674359	0.0674359	1.03937	
861001	 	1004	 	0.0464524	0.0550885	0.0600539	0.0609043	0.0637996	0.0674359	0.0674359	0.0674359	0.0674359	0.0674359	0.0674359	0.0674359	1.03937	
871001	 	1004	 	0.0464524	0.0550885	0.0600539	0.0609043	0.0637996	0.0674359	0.0674359	0.0674359	0.0674359	0.0674359	0.0674359	0.0674359	1.03937	
881001	 	1004	 	0.0464524	0.0550885	0.0600539	0.0609043	0.0637996	0.0674359	0.0674359	0.0674359	0.0674359	0.0674359	0.0674359	0.0674359	1.03937	
891001	 	1004	 	0.0464524	0.0550885	0.0600539	0.0609043	0.0637996	0.0674359	0.0674359	0.0674359	0.0674359	0.0674359	0.0674359	0.0674359	1.03937	
901001	 	1004	 	0.0464524	0.0550885	0.0600539	0.0609043	0.0637996	0.0674359	0.0674359	0.0674359	0.0674359	0.0674359	0.0674359	0.0674359	1.03937	
911001	 	1004	 	0.0464524	0.0550885	0.0600539	0.0609043	0.0637996	0.0674359	0.0674359	0.0674359	0.0674359	0.0674359	0.0674359	0.0674359	1.03937	
921001	 	1091	 	0.050598	0.0599917	0.0654537	0.0667293	0.0703484	0.0751967	0.0751967	0.0751967	0.0751967	0.0751967	0.0751967	0.0751967	1.02504	
931001	 	1097	 	0.0510232	0.0604169	0.0658789	0.0667293	0.0696245	0.0744729	0.0744729	0.0744729	0.0744729	0.0744729	0.0744729	0.0744729	1.02431	
941001	 	1097	 	0.0510232	0.0604169	0.0658789	0.0667293	0.0696245	0.0744729	0.0744729	0.0744729	0.0744729	0.0744729	0.0744729	0.0744729	1.02431	
951001	 	1097	 	0.0510232	0.0604169	0.0658789	0.0667293	0.0696245	0.0744729	0.0744729	0.0744729	0.0744729	0.0744729	0.0744729	0.0744729	1.02431	
961001	 	1097	 	0.0510232	0.0604169	0.0658789	0.0667293	0.0696245	0.0744729	0.0744729	0.0744729	0.0744729	0.0744729	0.0744729	0.0744729	1.02431	
971001	 	1097	 	0.0510232	0.0604169	0.0658789	0.0667293	0.0696245	0.0744729	0.0744729	0.0744729	0.0744729	0.0744729	0.0744729	0.0744729	1.02431	
981001	 	1097	 	0.0510232	0.0604169	0.0658789	0.0667293	0.0696245	0.0744729	0.0744729	0.0744729	0.0744729	0.0744729	0.0744729	0.0744729	1.02431	
991001	 	1097	 	0.0510232	0.0604169	0.0658789	0.0667293	0.0696245	0.0744729	0.0744729	0.0744729	0.0744729	0.0744729	0.0744729	0.0744729	1.02431	
1001001	 	1191	 	0.0556472	0.0659499	0.0719085	0.0727588	0.0756541	0.0805025	0.0805025	0.0805025	0.0805025	0.0805025	0.0805025	0.0805025	1.00825	
1011001	 	1276	 	0.0596866	0.0707468	0.0772019	0.0784775	0.0820966	0.088157	0.088157	0.088157	0.088157	0.088157	0.088157	0.088157	0.993819	
1021001	 	1276	 	0.0596866	0.0707468	0.0772019	0.0784775	0.0820966	0.088157	0.088157	0.088157	0.088157	0.088157	0.088157	0.088157	0.993819	
1031001	 	1276	 	0.0596866	0.0707468	0.0772019	0.0784775	0.0820966	0.088157	0.088157	0.088157	0.088157	0.088157	0.088157	0.088157	0.993819	
1041001	 	1276	 	0.0596866	0.0707468	0.0772019	0.0784775	0.0820966	0.088157	0.088157	0.088157	0.088157	0.088157	0.088157	0.088157	0.993819	
1051001	 	1276	 	0.0596866	0.0707468	0.0772019	0.0784775	0.0820966	0.088157	0.088157	0.088157	0.088157	0.088157	0.088157	0.088157	0.993819	
1061001	 	1276	 	0.0596866	0.0707468	0.0772019	0.0784775	0.0820966	0.088157	0.088157	0.088157	0.088157	0.088157	0.088157	0.088157	0.993819	
1071001	 	1276	 	0.0596866	0.0707468	0.0772019	0.0784775	0.0820966	0.088157	0.088157	0.088157	0.088157	0.088157	0.088157	0.088157	0.993819	
1081001	 	1276	 	0.0596866	0.0707468	0.0772019	0.0784775	0.0820966	0.088157	0.088157	0.088157	0.088157	0.088157	0.088157	0.088157	0.993819	
1091001	 	1276	 	0.0596866	0.0707468	0.0772019	0.0784775	0.0820966	0.088157	0.088157	0.088157	0.088157	0.088157	0.088157	0.088157	0.993819	
1101001	 	1276	 	0.0596866	0.0707468	0.0772019	0.0784775	0.0820966	0.088157	0.088157	0.088157	0.088157	0.088157	0.088157	0.088157	0.993819	
1111001	 	1276	 	0.0596866	0.0707468	0.0772019	0.0784775	0.0820966	0.088157	0.088157	0.088157	0.088157	0.088157	0.088157	0.088157	0.993819	
1121001	 	1276	 	0.0596866	0.0707468	0.0772019	0.0784775	0.0820966	0.088157	0.088157	0.088157	0.088157	0.088157	0.088157	0.088157	0.993819	
1131001	 	1276	 	0.0596866	0.0707468	0.0772019	0.0784775	0.0820966	0.088157	0.088157	0.088157	0.088157	0.088157	0.088157	0.088157	0.993819	
1141001	 	1276	 	0.0596866	0.0707468	0.0772019	0.0784775	0.0820966	0.088157	0.088157	0.088157	0.088157	0.088157	0.088157	0.088157	0.993819	
1151001	 	1451	 	0.0680841	0.0806595	0.0881077	0.0898084	0.0948752	0.10336	0.10336	0.10336	0.10336	0.10336	0.10336	0.10336	0.964843	
1161001	 	1451	 	0.0680841	0.0806595	0.0881077	0.0898084	0.0948752	0.10336	0.10336	0.10336	0.10336	0.10336	0.10336	0.10336	0.964843	
1171001	 	1451	 	0.0680841	0.0806595	0.0881077	0.0898084	0.0948752	0.10336	0.10336	0.10336	0.10336	0.10336	0.10336	0.10336	0.964843	
1181001	 	1451	 	0.0680841	0.0806595	0.0881077	0.0898084	0.0948752	0.10336	0.10336	0.10336	0.10336	0.10336	0.10336	0.10336	0.964843	
1191001	 	1458	 	0.0684562	0.0811831	0.0886312	0.090332	0.0953988	0.102671	0.102671	0.102671	0.102671	0.102671	0.102671	0.102671	0.964155	
1201001	 	1477	 	0.0684562	0.0811831	0.0886312	0.090332	0.0953988	0.102671	0.102671	0.102671	0.102671	0.102671	0.102671	0.102671	1.38385	
1211001	 	1477	 	0.0684562	0.0811831	0.0886312	0.090332	0.0953988	0.102671	0.102671	0.102671	0.102671	0.102671	0.102671	0.102671	1.38385	
1221001	 	1573	 	0.0731333	0.0867693	0.094714	0.0968399	0.101907	0.109179	0.109179	0.109179	0.109179	0.109179	0.109179	0.109179	1.36827	
1231001	 	1575	 	0.0732928	0.0869287	0.0948734	0.0965742	0.101641	0.108913	0.108913	0.108913	0.108913	0.108913	0.108913	0.108913	1.368	
1241001	 	1575	 	0.0732928	0.0869287	0.0948734	0.0965742	0.101641	0.108913	0.108913	0.108913	0.108913	0.108913	0.108913	0.108913	1.368	
1251001	 	1575	 	0.0732928	0.0869287	0.0948734	0.0965742	0.101641	0.108913	0.108913	0.108913	0.108913	0.108913	0.108913	0.108913	1.368	
1261001	 	1575	 	0.0732928	0.0869287	0.0948734	0.0965742	0.101641	0.108913	0.108913	0.108913	0.108913	0.108913	0.108913	0.108913	1.368	
1271001	 	1676	 	0.0782888	0.0928338	0.101275	0.102976	0.108043	0.115315	0.115315	0.115315	0.115315	0.115315	0.115315	0.115315	1.35232	
1281001	 	1676	 	0.0782888	0.0928338	0.101275	0.102976	0.108043	0.115315	0.115315	0.115315	0.115315	0.115315	0.115315	0.115315	1.35232	
1291001	 	1676	 	0.0782888	0.0928338	0.101275	0.102976	0.108043	0.115315	0.115315	0.115315	0.115315	0.115315	0.115315	0.115315	1.35232	
1301001	 	1676	 	0.0782888	0.0928338	0.101275	0.102976	0.108043	0.115315	0.115315	0.115315	0.115315	0.115315	0.115315	0.115315	1.35232	
1311001	 	1676	 	0.0782888	0.0928338	0.101275	0.102976	0.108043	0.115315	0.115315	0.115315	0.115315	0.115315	0.115315	0.115315	1.35232	
1321001	 	1676	 	0.0782888	0.0928338	0.101275	0.102976	0.108043	0.115315	0.115315	0.115315	0.115315	0.115315	0.115315	0.115315	1.35232	
1331001	 	1676	 	0.0782888	0.0928338	0.101275	0.102976	0.108043	0.115315	0.115315	0.115315	0.115315	0.115315	0.115315	0.115315	1.35232	
1341001	 	1762	 	0.0823813	0.0976839	0.106622	0.108748	0.114538	0.123023	0.123023	0.123023	0.123023	0.123023	0.123023	0.123023	1.33794	
1351001	 	1762	 	0.0823813	0.0976839	0.106622	0.108748	0.114538	0.123023	0.123023	0.123023	0.123023	0.123023	0.123023	0.123023	1.33794	
1361001	 	1762	 	0.0823813	0.0976839	0.106622	0.108748	0.114538	0.123023	0.123023	0.123023	0.123023	0.123023	0.123023	0.123023	1.33794	
1371001	 	1762	 	0.0823813	0.0976839	0.106622	0.108748	0.114538	0.123023	0.123023	0.123023	0.123023	0.123023	0.123023	0.123023	1.33794	
1381001	 	1762	 	0.0823813	0.0976839	0.106622	0.108748	0.114538	0.123023	0.123023	0.123023	0.123023	0.123023	0.123023	0.123023	1.33794	
1391001	 	1762	 	0.0823813	0.0976839	0.106622	0.108748	0.114538	0.123023	0.123023	0.123023	0.123023	0.123023	0.123023	0.123023	1.33794	
1401001	 	1762	 	0.0823813	0.0976839	0.106622	0.108748	0.114538	0.123023	0.123023	0.123023	0.123023	0.123023	0.123023	0.123023	1.33794	
1411001	 	1762	 	0.0823813	0.0976839	0.106622	0.108748	0.114538	0.123023	0.123023	0.123023	0.123023	0.123023	0.123023	0.123023	1.33794	
1421001	 	1865	 	0.0875367	0.103748	0.113183	0.115309	0.120375	0.12886	0.12886	0.12886	0.12886	0.12886	0.12886	0.12886	1.32168	
1431001	 	1872	 	0.0879088	0.104272	0.113706	0.115832	0.120899	0.128171	0.128171	0.128171	0.128171	0.128171	0.128171	0.128171	1.32099	
 
 
*--------------------------------------------------------------------------------------------------------------------------* 

ntimestep 	 Particles 	 Cumulative mass distribution 

1437001	 	1872	 	0.0879088	0.104272	0.113706	0.115832	0.120899	0.128171	0.128171	0.128171	0.128171	0.128171	0.128171	0.128171	1.32099	
 
 
*--------------------------------------------------------------------------------------------------------------------------* 

ntimestep 	 Particles 	 Cumulative mass distribution 

1446001	 	1872	 	0.0879088	0.104272	0.113706	0.115832	0.120899	0.128171	0.128171	0.128171	0.128171	0.128171	0.128171	0.128171	1.32099	
1456001	 	1872	 	0.0879088	0.104272	0.113706	0.115832	0.120899	0.128171	0.128171	0.128171	0.128171	0.128171	0.128171	0.128171	1.32099	
1466001	 	1981	 	0.09333	0.110754	0.120685	0.122811	0.127877	0.133938	0.133938	0.133938	0.133938	0.133938	0.133938	0.133938	1.30467	
1476001	 	1981	 	0.09333	0.110754	0.120685	0.122811	0.127877	0.133938	0.133938	0.133938	0.133938	0.133938	0.133938	0.133938	1.30467	
1486001	 	2069	 	0.0975819	0.115763	0.126191	0.128317	0.134107	0.14138	0.14138	0.14138	0.14138	0.14138	0.14138	0.14138	1.29002	
1496001	 	2069	 	0.0975819	0.115763	0.126191	0.128317	0.134107	0.14138	0.14138	0.14138	0.14138	0.14138	0.14138	0.14138	1.29002	
1506001	 	2073	 	0.0978477	0.116029	0.126456	0.128582	0.133649	0.140922	0.140922	0.140922	0.140922	0.140922	0.140922	0.140922	1.28957	
1516001	 	2247	 	0.106139	0.125835	0.137256	0.140232	0.146747	0.156443	0.156443	0.156443	0.156443	0.156443	0.156443	0.156443	1.26091	
 
 
*--------------------------------------------------------------------------------------------------------------------------* 

ntimestep 	 Particles 	 Cumulative mass distribution 

1516001	 	2247	 	0.106139	0.125835	0.137256	0.140232	0.146747	0.156443	0.156443	0.156443	0.156443	0.156443	0.156443	0.156443	1.26091	
1526001	 	2253	 	0.106564	0.126261	0.137681	0.140232	0.146023	0.155719	0.155719	0.155719	0.155719	0.155719	0.155719	0.155719	1.26019	
1536001	 	2273	 	0.107733	0.127733	0.139153	0.141279	0.146346	0.153619	0.153619	0.153619	0.153619	0.153619	0.153619	0.153619	1.25808	
1546001	 	2273	 	0.107733	0.127733	0.139153	0.141279	0.146346	0.153619	0.153619	0.153619	0.153619	0.153619	0.153619	0.153619	1.25808	
1556001	 	2467	 	0.117194	0.139012	0.151425	0.153976	0.159767	0.167039	0.167039	0.167039	0.167039	0.167039	0.167039	0.167039	1.22733	
1566001	 	2469	 	0.117353	0.139171	0.151585	0.153711	0.159501	0.166774	0.166774	0.166774	0.166774	0.166774	0.166774	0.166774	1.22706	
1576001	 	2473	 	0.117619	0.139437	0.15185	0.153976	0.159043	0.166316	0.166316	0.166316	0.166316	0.166316	0.166316	0.166316	1.2266	
1586001	 	2572	 	0.122456	0.145334	0.158244	0.160795	0.165862	0.171922	0.171922	0.171922	0.171922	0.171922	0.171922	0.171922	1.21012	
1596001	 	2579	 	0.122828	0.145857	0.158768	0.161319	0.166385	0.171234	0.171234	0.171234	0.171234	0.171234	0.171234	0.171234	1.20943	
1606001	 	2581	 	0.122987	0.146017	0.158927	0.161053	0.16612	0.170968	0.170968	0.170968	0.170968	0.170968	0.170968	0.170968	1.20917	
1616001	 	2581	 	0.122987	0.146017	0.158927	0.161053	0.16612	0.170968	0.170968	0.170968	0.170968	0.170968	0.170968	0.170968	1.20917	
1626001	 	2766	 	0.131969	0.156666	0.170569	0.17312	0.178911	0.184971	0.184971	0.184971	0.184971	0.184971	0.184971	0.184971	1.17899	
1636001	 	2781	 	0.132926	0.157774	0.171677	0.173378	0.178445	0.183293	0.183293	0.183293	0.183293	0.183293	0.183293	0.183293	1.17731	
1646001	 	2781	 	0.132926	0.157774	0.171677	0.173378	0.178445	0.183293	0.183293	0.183293	0.183293	0.183293	0.183293	0.183293	1.17731	
1656001	 	2875	 	0.13755	0.163155	0.177555	0.179681	0.184024	0.190085	0.190085	0.190085	0.190085	0.190085	0.190085	0.190085	1.16201	
1666001	 	2882	 	0.137922	0.163679	0.178079	0.180205	0.184548	0.189396	0.189396	0.189396	0.189396	0.189396	0.189396	0.189396	1.16133	
1676001	 	2884	 	0.138082	0.163838	0.178238	0.179939	0.184282	0.18913	0.18913	0.18913	0.18913	0.18913	0.18913	0.18913	1.16106	
1686001	 	2970	 	0.142174	0.168689	0.183585	0.185711	0.190778	0.196838	0.196838	0.196838	0.196838	0.196838	0.196838	0.196838	1.14668	
1696001	 	2979	 	0.142706	0.169372	0.184268	0.185969	0.191035	0.195884	0.195884	0.195884	0.195884	0.195884	0.195884	0.195884	1.14572	
1706001	 	2979	 	0.142706	0.169372	0.184268	0.185969	0.191035	0.195884	0.195884	0.195884	0.195884	0.195884	0.195884	0.195884	1.14572	
1716001	 	2979	 	0.142706	0.169372	0.184268	0.185969	0.191035	0.195884	0.195884	0.195884	0.195884	0.195884	0.195884	0.195884	1.14572	
 
 
*--------------------------------------------------------------------------------------------------------------------------* 

ntimestep 	 Particles 	 Cumulative mass distribution 

1710001	 	2979	 	0.142706	0.169372	0.184268	0.185969	0.191035	0.195884	0.195884	0.195884	0.195884	0.195884	0.195884	0.195884	1.14572	
 
 
*--------------------------------------------------------------------------------------------------------------------------* 

ntimestep 	 Particles 	 Cumulative mass distribution 

1710001	 	2979	 	0.142706	0.169372	0.184268	0.185969	0.191035	0.195884	0.195884	0.195884	0.195884	0.195884	0.195884	0.195884	1.14572	
1720001	 	3152	 	0.150944	0.179125	0.195014	0.197565	0.20408	0.211352	0.211352	0.211352	0.211352	0.211352	0.211352	0.211352	1.11701	
1730001	 	3161	 	0.151475	0.179808	0.195697	0.197823	0.204337	0.210398	0.210398	0.210398	0.210398	0.210398	0.210398	0.210398	1.11606	
1740001	 	3170	 	0.152113	0.180446	0.196335	0.198036	0.203102	0.209163	0.209163	0.209163	0.209163	0.209163	0.209163	0.209163	1.11483	
1750001	 	3256	 	0.156206	0.185296	0.201681	0.203807	0.209598	0.216871	0.216871	0.216871	0.216871	0.216871	0.216871	0.216871	1.10044	
1760001	 	3346	 	0.160564	0.190411	0.207294	0.209845	0.215636	0.22412	0.22412	0.22412	0.22412	0.22412	0.22412	0.22412	1.0856	
1770001	 	3359	 	0.161361	0.19136	0.208243	0.210369	0.215435	0.222708	0.222708	0.222708	0.222708	0.222708	0.222708	0.222708	1.08419	
1780001	 	3375	 	0.162265	0.192567	0.209449	0.21115	0.216217	0.221065	0.221065	0.221065	0.221065	0.221065	0.221065	0.221065	1.08255	
1790001	 	3375	 	0.162265	0.192567	0.209449	0.21115	0.216217	0.221065	0.221065	0.221065	0.221065	0.221065	0.221065	0.221065	1.08255	
1800001	 	3375	 	0.162265	0.192567	0.209449	0.21115	0.216217	0.221065	0.221065	0.221065	0.221065	0.221065	0.221065	0.221065	1.08255	
1810001	 	3379	 	0.16253	0.192832	0.209715	0.211416	0.215759	0.220607	0.220607	0.220607	0.220607	0.220607	0.220607	0.220607	1.08209	
1820001	 	3563	 	0.171406	0.203375	0.22125	0.223802	0.228868	0.234929	0.234929	0.234929	0.234929	0.234929	0.234929	0.234929	1.05223	
1830001	 	3660	 	0.17619	0.209067	0.22744	0.229565	0.235356	0.241416	0.241416	0.241416	0.241416	0.241416	0.241416	0.241416	1.03663	
1840001	 	3682	 	0.177518	0.210699	0.229071	0.230347	0.235414	0.23905	0.23905	0.23905	0.23905	0.23905	0.23905	0.23905	1.03427	
1850001	 	3682	 	0.177518	0.210699	0.229071	0.230347	0.235414	0.23905	0.23905	0.23905	0.23905	0.23905	0.23905	0.23905	1.03427	
1860001	 	3774	 	0.182036	0.215974	0.234843	0.236119	0.241185	0.246034	0.246034	0.246034	0.246034	0.246034	0.246034	0.246034	1.01916	
1870001	 	3785	 	0.182674	0.216764	0.235632	0.236908	0.241251	0.244887	0.244887	0.244887	0.244887	0.244887	0.244887	0.244887	1.01801	
1880001	 	3785	 	0.182674	0.216764	0.235632	0.236908	0.241251	0.244887	0.244887	0.244887	0.244887	0.244887	0.244887	0.244887	1.01801	