
 
 
*--------------------------------------------------------------------------------------------------------------------------* 

ntimestep 	 Particles 	 Differential mass distribution 

1	 	97	 	0	0	0	0	0	0	0	0	0	0	0	0	2.14266	
 
 
*--------------------------------------------------------------------------------------------------------------------------* 

ntimestep 	 Particles 	 Differential mass distribution 

1	 	97	 	0	0	0	0	0	0	0	0	0	0	0	0	2.14266	
10001	 	193	 	0.00451768	0.000303021	0.000744814	0.00127558	0.00217147	0.00363626	0	0	0	0	0	0	2.0764	
20001	 	193	 	0.00451768	0.000303021	0.000744814	0.00127558	0.00217147	0.00363626	0	0	0	0	0	0	2.0764	
30001	 	193	 	0.00451768	0.000303021	0.000744814	0.00127558	0.00217147	0.00363626	0	0	0	0	0	0	2.0764	
40001	 	193	 	0.00451768	0.000303021	0.000744814	0.00127558	0.00217147	0.00363626	0	0	0	0	0	0	2.0764	
50001	 	193	 	0.00451768	0.000303021	0.000744814	0.00127558	0.00217147	0.00363626	0	0	0	0	0	0	2.0764	
60001	 	193	 	0.00451768	0.000303021	0.000744814	0.00127558	0.00217147	0.00363626	0	0	0	0	0	0	2.0764	
70001	 	193	 	0.00451768	0.000303021	0.000744814	0.00127558	0.00217147	0.00363626	0	0	0	0	0	0	2.0764	
80001	 	192	 	0.00446453	0.000303021	0.000744814	0.00127558	0.00217147	0.00363626	0	0	0	0	0	0	2.0764	
90001	 	192	 	0.00446453	0.000303021	0.000744814	0.00127558	0.00217147	0.00363626	0	0	0	0	0	0	2.0764	
100001	 	191	 	0.00441138	0.000303021	0.000744814	0.00127558	0.00217147	0.00363626	0	0	0	0	0	0	2.0764	
110001	 	191	 	0.00441138	0.000303021	0.000744814	0.00127558	0.00217147	0.00363626	0	0	0	0	0	0	2.0764	
 
 
*--------------------------------------------------------------------------------------------------------------------------* 

ntimestep 	 Particles 	 Differential mass distribution 

1	 	97	 	0	0	0	0	0	0	0	0	0	0	0	0	2.14266	
 
 
*--------------------------------------------------------------------------------------------------------------------------* 

ntimestep 	 Particles 	 Differential mass distribution 

1	 	97	 	0	0	0	0	0	0	0	0	0	0	0	0	2.14266	
 
 
*--------------------------------------------------------------------------------------------------------------------------* 

ntimestep 	 Particles 	 Differential mass distribution 

1	 	1	 	0	0	0	0	0	0	0	0	0	0	0	0	0.0220893	
10001	 	1	 	0	0	0	0	0	0	0	0	0	0	0	0	0.0220893	
20001	 	1	 	0	0	0	0	0	0	0	0	0	0	0	0	0.0220893	
30001	 	1	 	0	0	0	0	0	0	0	0	0	0	0	0	0.0220893	
40001	 	1	 	0	0	0	0	0	0	0	0	0	0	0	0	0.0220893	
50001	 	1	 	0	0	0	0	0	0	0	0	0	0	0	0	0.0220893	
60001	 	1	 	0	0	0	0	0	0	0	0	0	0	0	0	0.0220893	
70001	 	1	 	0	0	0	0	0	0	0	0	0	0	0	0	0.0220893	
80001	 	1	 	0	0	0	0	0	0	0	0	0	0	0	0	0.0220893	
90001	 	1	 	0	0	0	0	0	0	0	0	0	0	0	0	0.0220893	
100001	 	1	 	0	0	0	0	0	0	0	0	0	0	0	0	0.0220893	
110001	 	1	 	0	0	0	0	0	0	0	0	0	0	0	0	0.0220893	
120001	 	1	 	0	0	0	0	0	0	0	0	0	0	0	0	0.0220893	
130001	 	1	 	0	0	0	0	0	0	0	0	0	0	0	0	0.0220893	
140001	 	1	 	0	0	0	0	0	0	0	0	0	0	0	0	0.0220893	
150001	 	1	 	0	0	0	0	0	0	0	0	0	0	0	0	0.0220893	
160001	 	1	 	0	0	0	0	0	0	0	0	0	0	0	0	0.0220893	
170001	 	1	 	0	0	0	0	0	0	0	0	0	0	0	0	0.0220893	
180001	 	1	 	0	0	0	0	0	0	0	0	0	0	0	0	0.0220893	
190001	 	1	 	0	0	0	0	0	0	0	0	0	0	0	0	0.0220893	
200001	 	1	 	0	0	0	0	0	0	0	0	0	0	0	0	0.0220893	
 
 
*--------------------------------------------------------------------------------------------------------------------------* 

ntimestep 	 Particles 	 Differential mass distribution 

1	 	1	 	0	0	0	0	0	0	0	0	0	0	0	0	0.0220893	
10001	 	1	 	0	0	0	0	0	0	0	0	0	0	0	0	0.0220893	
20001	 	1	 	0	0	0	0	0	0	0	0	0	0	0	0	0.0220893	
30001	 	1	 	0	0	0	0	0	0	0	0	0	0	0	0	0.0220893	
40001	 	1	 	0	0	0	0	0	0	0	0	0	0	0	0	0.0220893	
50001	 	1	 	0	0	0	0	0	0	0	0	0	0	0	0	0.0220893	
 
 
*--------------------------------------------------------------------------------------------------------------------------* 

ntimestep 	 Particles 	 Differential mass distribution 

1	 	10	 	0	0	0	0	0	0	0	0	0	0	0	0	0.220893	
10001	 	10	 	0	0	0	0	0	0	0	0	0	0	0	0	0.220893	
20001	 	10	 	0	0	0	0	0	0	0	0	0	0	0	0	0.220893	
30001	 	10	 	0	0	0	0	0	0	0	0	0	0	0	0	0.220893	
40001	 	10	 	0	0	0	0	0	0	0	0	0	0	0	0	0.220893	
50001	 	10	 	0	0	0	0	0	0	0	0	0	0	0	0	0.220893	
60001	 	10	 	0	0	0	0	0	0	0	0	0	0	0	0	0.220893	
70001	 	10	 	0	0	0	0	0	0	0	0	0	0	0	0	0.220893	
80001	 	10	 	0	0	0	0	0	0	0	0	0	0	0	0	0.220893	
90001	 	10	 	0	0	0	0	0	0	0	0	0	0	0	0	0.220893	
100001	 	10	 	0	0	0	0	0	0	0	0	0	0	0	0	0.220893	
110001	 	10	 	0	0	0	0	0	0	0	0	0	0	0	0	0.220893	
120001	 	10	 	0	0	0	0	0	0	0	0	0	0	0	0	0.220893	
130001	 	10	 	0	0	0	0	0	0	0	0	0	0	0	0	0.220893	
140001	 	10	 	0	0	0	0	0	0	0	0	0	0	0	0	0.220893	
150001	 	10	 	0	0	0	0	0	0	0	0	0	0	0	0	0.220893	
160001	 	10	 	0	0	0	0	0	0	0	0	0	0	0	0	0.220893	
170001	 	10	 	0	0	0	0	0	0	0	0	0	0	0	0	0.220893	
180001	 	10	 	0	0	0	0	0	0	0	0	0	0	0	0	0.220893	
190001	 	10	 	0	0	0	0	0	0	0	0	0	0	0	0	0.220893	
200001	 	10	 	0	0	0	0	0	0	0	0	0	0	0	0	0.220893	
210001	 	10	 	0	0	0	0	0	0	0	0	0	0	0	0	0.220893	
220001	 	10	 	0	0	0	0	0	0	0	0	0	0	0	0	0.220893	
230001	 	10	 	0	0	0	0	0	0	0	0	0	0	0	0	0.220893	
240001	 	10	 	0	0	0	0	0	0	0	0	0	0	0	0	0.220893	
250001	 	10	 	0	0	0	0	0	0	0	0	0	0	0	0	0.220893	
260001	 	10	 	0	0	0	0	0	0	0	0	0	0	0	0	0.220893	
270001	 	10	 	0	0	0	0	0	0	0	0	0	0	0	0	0.220893	
280001	 	10	 	0	0	0	0	0	0	0	0	0	0	0	0	0.220893	
290001	 	10	 	0	0	0	0	0	0	0	0	0	0	0	0	0.220893	
300001	 	10	 	0	0	0	0	0	0	0	0	0	0	0	0	0.220893	
310001	 	10	 	0	0	0	0	0	0	0	0	0	0	0	0	0.220893	
320001	 	10	 	0	0	0	0	0	0	0	0	0	0	0	0	0.220893	
330001	 	10	 	0	0	0	0	0	0	0	0	0	0	0	0	0.220893	
340001	 	10	 	0	0	0	0	0	0	0	0	0	0	0	0	0.220893	
350001	 	10	 	0	0	0	0	0	0	0	0	0	0	0	0	0.220893	
360001	 	10	 	0	0	0	0	0	0	0	0	0	0	0	0	0.220893	
370001	 	10	 	0	0	0	0	0	0	0	0	0	0	0	0	0.220893	
380001	 	10	 	0	0	0	0	0	0	0	0	0	0	0	0	0.220893	
390001	 	10	 	0	0	0	0	0	0	0	0	0	0	0	0	0.220893	
400001	 	10	 	0	0	0	0	0	0	0	0	0	0	0	0	0.220893	
410001	 	10	 	0	0	0	0	0	0	0	0	0	0	0	0	0.220893	
420001	 	10	 	0	0	0	0	0	0	0	0	0	0	0	0	0.220893	
430001	 	10	 	0	0	0	0	0	0	0	0	0	0	0	0	0.220893	
440001	 	10	 	0	0	0	0	0	0	0	0	0	0	0	0	0.220893	
450001	 	10	 	0	0	0	0	0	0	0	0	0	0	0	0	0.220893	
460001	 	10	 	0	0	0	0	0	0	0	0	0	0	0	0	0.220893	
470001	 	10	 	0	0	0	0	0	0	0	0	0	0	0	0	0.220893	
480001	 	10	 	0	0	0	0	0	0	0	0	0	0	0	0	0.220893	
490001	 	10	 	0	0	0	0	0	0	0	0	0	0	0	0	0.220893	
500001	 	10	 	0	0	0	0	0	0	0	0	0	0	0	0	0.220893	
510001	 	10	 	0	0	0	0	0	0	0	0	0	0	0	0	0.220893	
520001	 	10	 	0	0	0	0	0	0	0	0	0	0	0	0	0.220893	
530001	 	10	 	0	0	0	0	0	0	0	0	0	0	0	0	0.220893	
540001	 	10	 	0	0	0	0	0	0	0	0	0	0	0	0	0.220893	
550001	 	10	 	0	0	0	0	0	0	0	0	0	0	0	0	0.220893	
560001	 	10	 	0	0	0	0	0	0	0	0	0	0	0	0	0.220893	
570001	 	10	 	0	0	0	0	0	0	0	0	0	0	0	0	0.220893	
580001	 	10	 	0	0	0	0	0	0	0	0	0	0	0	0	0.220893	
590001	 	35	 	0.00116928	0.000151511	0	0.000425194	0.000723823	0.00121209	0	0	0	0	0	0	0.198804	
600001	 	35	 	0.00116928	0.000151511	0	0.000425194	0.000723823	0.00121209	0	0	0	0	0	0	0.198804	
610001	 	35	 	0.00116928	0.000151511	0	0.000425194	0.000723823	0.00121209	0	0	0	0	0	0	0.198804	
620001	 	35	 	0.00116928	0.000151511	0	0.000425194	0.000723823	0.00121209	0	0	0	0	0	0	0.198804	
630001	 	35	 	0.00116928	0.000151511	0	0.000425194	0.000723823	0.00121209	0	0	0	0	0	0	0.198804	
640001	 	35	 	0.00116928	0.000151511	0	0.000425194	0.000723823	0.00121209	0	0	0	0	0	0	0.198804	
650001	 	35	 	0.00116928	0.000151511	0	0.000425194	0.000723823	0.00121209	0	0	0	0	0	0	0.198804	
660001	 	35	 	0.00116928	0.000151511	0	0.000425194	0.000723823	0.00121209	0	0	0	0	0	0	0.198804	
670001	 	35	 	0.00116928	0.000151511	0	0.000425194	0.000723823	0.00121209	0	0	0	0	0	0	0.198804	
680001	 	35	 	0.00116928	0.000151511	0	0.000425194	0.000723823	0.00121209	0	0	0	0	0	0	0.198804	
690001	 	35	 	0.00116928	0.000151511	0	0.000425194	0.000723823	0.00121209	0	0	0	0	0	0	0.198804	
700001	 	35	 	0.00116928	0.000151511	0	0.000425194	0.000723823	0.00121209	0	0	0	0	0	0	0.198804	
 
 
*--------------------------------------------------------------------------------------------------------------------------* 

ntimestep 	 Particles 	 Differential mass distribution 

1	 	0	 	0	0	0	0	0	0	0	0	0	0	0	0	0	
 
 
*--------------------------------------------------------------------------------------------------------------------------* 

ntimestep 	 Particles 	 Differential mass distribution 

1	 	0	 	0	0	0	0	0	0	0	0	0	0	0	0	0	
10001	 	0	 	0	0	0	0	0	0	0	0	0	0	0	0	0	
20001	 	0	 	0	0	0	0	0	0	0	0	0	0	0	0	0	
30001	 	0	 	0	0	0	0	0	0	0	0	0	0	0	0	0	
40001	 	0	 	0	0	0	0	0	0	0	0	0	0	0	0	0	
 
 
*--------------------------------------------------------------------------------------------------------------------------* 

ntimestep 	 Particles 	 Differential mass distribution 

1	 	0	 	0	0	0	0	0	0	0	0	0	0	0	0	0	
10001	 	24	 	0	0	0	0	0	0	0	0	0	0	0	0	3.92699	
20001	 	24	 	0	0	0	0	0	0	0	0	0	0	0	0	3.92699	
30001	 	24	 	0	0	0	0	0	0	0	0	0	0	0	0	3.92699	
40001	 	24	 	0	0	0	0	0	0	0	0	0	0	0	0	3.92699	
50001	 	24	 	0	0	0	0	0	0	0	0	0	0	0	0	3.92699	
60001	 	24	 	0	0	0	0	0	0	0	0	0	0	0	0	3.92699	
70001	 	24	 	0	0	0	0	0	0	0	0	0	0	0	0	3.92699	
80001	 	24	 	0	0	0	0	0	0	0	0	0	0	0	0	3.92699	
90001	 	24	 	0	0	0	0	0	0	0	0	0	0	0	0	3.92699	
100001	 	24	 	0	0	0	0	0	0	0	0	0	0	0	0	3.92699	
110001	 	24	 	0	0	0	0	0	0	0	0	0	0	0	0	3.92699	
120001	 	24	 	0	0	0	0	0	0	0	0	0	0	0	0	3.92699	
130001	 	24	 	0	0	0	0	0	0	0	0	0	0	0	0	3.92699	
140001	 	24	 	0	0	0	0	0	0	0	0	0	0	0	0	3.92699	
150001	 	24	 	0	0	0	0	0	0	0	0	0	0	0	0	3.92699	
160001	 	24	 	0	0	0	0	0	0	0	0	0	0	0	0	3.92699	
170001	 	24	 	0	0	0	0	0	0	0	0	0	0	0	0	3.92699	
180001	 	24	 	0	0	0	0	0	0	0	0	0	0	0	0	3.92699	
190001	 	24	 	0	0	0	0	0	0	0	0	0	0	0	0	3.92699	
200001	 	24	 	0	0	0	0	0	0	0	0	0	0	0	0	3.92699	
210001	 	24	 	0	0	0	0	0	0	0	0	0	0	0	0	3.92699	
220001	 	24	 	0	0	0	0	0	0	0	0	0	0	0	0	3.92699	
230001	 	24	 	0	0	0	0	0	0	0	0	0	0	0	0	3.92699	
240001	 	24	 	0	0	0	0	0	0	0	0	0	0	0	0	3.92699	
250001	 	24	 	0	0	0	0	0	0	0	0	0	0	0	0	3.92699	
260001	 	24	 	0	0	0	0	0	0	0	0	0	0	0	0	3.92699	
270001	 	24	 	0	0	0	0	0	0	0	0	0	0	0	0	3.92699	
280001	 	24	 	0	0	0	0	0	0	0	0	0	0	0	0	3.92699	
290001	 	24	 	0	0	0	0	0	0	0	0	0	0	0	0	3.92699	
300001	 	24	 	0	0	0	0	0	0	0	0	0	0	0	0	3.92699	
310001	 	24	 	0	0	0	0	0	0	0	0	0	0	0	0	3.92699	
320001	 	24	 	0	0	0	0	0	0	0	0	0	0	0	0	3.92699	
330001	 	24	 	0	0	0	0	0	0	0	0	0	0	0	0	3.92699	
340001	 	24	 	0	0	0	0	0	0	0	0	0	0	0	0	3.92699	
350001	 	24	 	0	0	0	0	0	0	0	0	0	0	0	0	3.92699	
360001	 	24	 	0	0	0	0	0	0	0	0	0	0	0	0	3.92699	
370001	 	24	 	0	0	0	0	0	0	0	0	0	0	0	0	3.92699	
380001	 	24	 	0	0	0	0	0	0	0	0	0	0	0	0	3.92699	
390001	 	24	 	0	0	0	0	0	0	0	0	0	0	0	0	3.92699	
400001	 	24	 	0	0	0	0	0	0	0	0	0	0	0	0	3.92699	
410001	 	24	 	0	0	0	0	0	0	0	0	0	0	0	0	3.92699	
420001	 	24	 	0	0	0	0	0	0	0	0	0	0	0	0	3.92699	
430001	 	24	 	0	0	0	0	0	0	0	0	0	0	0	0	3.92699	
440001	 	24	 	0	0	0	0	0	0	0	0	0	0	0	0	3.92699	
450001	 	24	 	0	0	0	0	0	0	0	0	0	0	0	0	3.92699	
460001	 	24	 	0	0	0	0	0	0	0	0	0	0	0	0	3.92699	
470001	 	24	 	0	0	0	0	0	0	0	0	0	0	0	0	3.92699	
480001	 	24	 	0	0	0	0	0	0	0	0	0	0	0	0	3.92699	
490001	 	24	 	0	0	0	0	0	0	0	0	0	0	0	0	3.92699	
500001	 	24	 	0	0	0	0	0	0	0	0	0	0	0	0	3.92699	
 
 
*--------------------------------------------------------------------------------------------------------------------------* 

ntimestep 	 Particles 	 Differential mass distribution 

1	 	0	 	0	0	0	0	0	0	0	0	0	0	0	0	0	
10001	 	1	 	0	0	0	0	0	0	0	0	0	0	0	0	0.163625	
20001	 	1	 	0	0	0	0	0	0	0	0	0	0	0	0	0.163625	
30001	 	1	 	0	0	0	0	0	0	0	0	0	0	0	0	0.163625	
40001	 	1	 	0	0	0	0	0	0	0	0	0	0	0	0	0.163625	
50001	 	1	 	0	0	0	0	0	0	0	0	0	0	0	0	0.163625	
60001	 	1	 	0	0	0	0	0	0	0	0	0	0	0	0	0.163625	
70001	 	1	 	0	0	0	0	0	0	0	0	0	0	0	0	0.163625	
80001	 	1	 	0	0	0	0	0	0	0	0	0	0	0	0	0.163625	
90001	 	1	 	0	0	0	0	0	0	0	0	0	0	0	0	0.163625	
100001	 	1	 	0	0	0	0	0	0	0	0	0	0	0	0	0.163625	
110001	 	1	 	0	0	0	0	0	0	0	0	0	0	0	0	0.163625	
120001	 	1	 	0	0	0	0	0	0	0	0	0	0	0	0	0.163625	
130001	 	1	 	0	0	0	0	0	0	0	0	0	0	0	0	0.163625	
140001	 	1	 	0	0	0	0	0	0	0	0	0	0	0	0	0.163625	
150001	 	1	 	0	0	0	0	0	0	0	0	0	0	0	0	0.163625	
160001	 	1	 	0	0	0	0	0	0	0	0	0	0	0	0	0.163625	
170001	 	1	 	0	0	0	0	0	0	0	0	0	0	0	0	0.163625	
180001	 	1	 	0	0	0	0	0	0	0	0	0	0	0	0	0.163625	
190001	 	1	 	0	0	0	0	0	0	0	0	0	0	0	0	0.163625	
200001	 	1	 	0	0	0	0	0	0	0	0	0	0	0	0	0.163625	
210001	 	1	 	0	0	0	0	0	0	0	0	0	0	0	0	0.163625	
220001	 	1	 	0	0	0	0	0	0	0	0	0	0	0	0	0.163625	
230001	 	1	 	0	0	0	0	0	0	0	0	0	0	0	0	0.163625	
240001	 	1	 	0	0	0	0	0	0	0	0	0	0	0	0	0.163625	
250001	 	1	 	0	0	0	0	0	0	0	0	0	0	0	0	0.163625	
260001	 	1	 	0	0	0	0	0	0	0	0	0	0	0	0	0.163625	
270001	 	1	 	0	0	0	0	0	0	0	0	0	0	0	0	0.163625	
280001	 	1	 	0	0	0	0	0	0	0	0	0	0	0	0	0.163625	
290001	 	1	 	0	0	0	0	0	0	0	0	0	0	0	0	0.163625	
300001	 	1	 	0	0	0	0	0	0	0	0	0	0	0	0	0.163625	
310001	 	1	 	0	0	0	0	0	0	0	0	0	0	0	0	0.163625	
320001	 	1	 	0	0	0	0	0	0	0	0	0	0	0	0	0.163625	
330001	 	1	 	0	0	0	0	0	0	0	0	0	0	0	0	0.163625	
340001	 	1	 	0	0	0	0	0	0	0	0	0	0	0	0	0.163625	
350001	 	1	 	0	0	0	0	0	0	0	0	0	0	0	0	0.163625	
360001	 	1	 	0	0	0	0	0	0	0	0	0	0	0	0	0.163625	
370001	 	1	 	0	0	0	0	0	0	0	0	0	0	0	0	0.163625	
380001	 	193	 	0.00845072	0.00121209	0.000744814	0.00297636	0.00289529	0.00363626	0.00397234	0.00276117	0	0.00579058	0.00969668	0	0.0883573	
390001	 	192	 	0.00845072	0.00121209	0.000744814	0.00255116	0.00289529	0.00363626	0.00397234	0.00276117	0	0.00579058	0.00969668	0	0.0883573	
400001	 	192	 	0.00845072	0.00121209	0.000744814	0.00255116	0.00289529	0.00363626	0.00397234	0.00276117	0	0.00579058	0.00969668	0	0.0883573	
410001	 	193	 	0.00845072	0.00121209	0.000744814	0.00255116	0.00289529	0.00363626	0.00397234	0.00276117	0	0.00579058	0.00969668	0	0.251982	
420001	 	193	 	0.00845072	0.00121209	0.000744814	0.00255116	0.00289529	0.00363626	0.00397234	0.00276117	0	0.00579058	0.00969668	0	0.251982	
430001	 	193	 	0.00845072	0.00121209	0.000744814	0.00255116	0.00289529	0.00363626	0.00397234	0.00276117	0	0.00579058	0.00969668	0	0.251982	
440001	 	193	 	0.00845072	0.00121209	0.000744814	0.00255116	0.00289529	0.00363626	0.00397234	0.00276117	0	0.00579058	0.00969668	0	0.251982	
450001	 	193	 	0.00845072	0.00121209	0.000744814	0.00255116	0.00289529	0.00363626	0.00397234	0.00276117	0	0.00579058	0.00969668	0	0.251982	
460001	 	193	 	0.00845072	0.00121209	0.000744814	0.00255116	0.00289529	0.00363626	0.00397234	0.00276117	0	0.00579058	0.00969668	0	0.251982	
470001	 	193	 	0.00845072	0.00121209	0.000744814	0.00255116	0.00289529	0.00363626	0.00397234	0.00276117	0	0.00579058	0.00969668	0	0.251982	
480001	 	193	 	0.00845072	0.00121209	0.000744814	0.00255116	0.00289529	0.00363626	0.00397234	0.00276117	0	0.00579058	0.00969668	0	0.251982	
490001	 	193	 	0.00845072	0.00121209	0.000744814	0.00255116	0.00289529	0.00363626	0.00397234	0.00276117	0	0.00579058	0.00969668	0	0.251982	
500001	 	193	 	0.00845072	0.00121209	0.000744814	0.00255116	0.00289529	0.00363626	0.00397234	0.00276117	0	0.00579058	0.00969668	0	0.251982	
510001	 	193	 	0.00845072	0.00121209	0.000744814	0.00255116	0.00289529	0.00363626	0.00397234	0.00276117	0	0.00579058	0.00969668	0	0.251982	
520001	 	193	 	0.00845072	0.00121209	0.000744814	0.00255116	0.00289529	0.00363626	0.00397234	0.00276117	0	0.00579058	0.00969668	0	0.251982	
530001	 	193	 	0.00845072	0.00121209	0.000744814	0.00255116	0.00289529	0.00363626	0.00397234	0.00276117	0	0.00579058	0.00969668	0	0.251982	
540001	 	193	 	0.00845072	0.00121209	0.000744814	0.00255116	0.00289529	0.00363626	0.00397234	0.00276117	0	0.00579058	0.00969668	0	0.251982	
550001	 	193	 	0.00845072	0.00121209	0.000744814	0.00255116	0.00289529	0.00363626	0.00397234	0.00276117	0	0.00579058	0.00969668	0	0.251982	
560001	 	193	 	0.00845072	0.00121209	0.000744814	0.00255116	0.00289529	0.00363626	0.00397234	0.00276117	0	0.00579058	0.00969668	0	0.251982	
570001	 	193	 	0.00845072	0.00121209	0.000744814	0.00255116	0.00289529	0.00363626	0.00397234	0.00276117	0	0.00579058	0.00969668	0	0.251982	
580001	 	193	 	0.00845072	0.00121209	0.000744814	0.00255116	0.00289529	0.00363626	0.00397234	0.00276117	0	0.00579058	0.00969668	0	0.251982	
590001	 	193	 	0.00845072	0.00121209	0.000744814	0.00255116	0.00289529	0.00363626	0.00397234	0.00276117	0	0.00579058	0.00969668	0	0.251982	
600001	 	193	 	0.00845072	0.00121209	0.000744814	0.00255116	0.00289529	0.00363626	0.00397234	0.00276117	0	0.00579058	0.00969668	0	0.251982	
610001	 	193	 	0.00845072	0.00121209	0.000744814	0.00255116	0.00289529	0.00363626	0.00397234	0.00276117	0	0.00579058	0.00969668	0	0.251982	
620001	 	192	 	0.00845072	0.00121209	0.000744814	0.00212597	0.00289529	0.00363626	0.00397234	0.00276117	0	0.00579058	0.00969668	0	0.251982	
630001	 	192	 	0.00845072	0.00121209	0.000744814	0.00212597	0.00289529	0.00363626	0.00397234	0.00276117	0	0.00579058	0.00969668	0	0.251982	
640001	 	192	 	0.00845072	0.00121209	0.000744814	0.00212597	0.00289529	0.00363626	0.00397234	0.00276117	0	0.00579058	0.00969668	0	0.251982	
650001	 	192	 	0.00845072	0.00121209	0.000744814	0.00212597	0.00289529	0.00363626	0.00397234	0.00276117	0	0.00579058	0.00969668	0	0.251982	
660001	 	192	 	0.00845072	0.00121209	0.000744814	0.00212597	0.00289529	0.00363626	0.00397234	0.00276117	0	0.00579058	0.00969668	0	0.251982	
 
 
*--------------------------------------------------------------------------------------------------------------------------* 

ntimestep 	 Particles 	 Differential mass distribution 

1	 	0	 	0	0	0	0	0	0	0	0	0	0	0	0	0	
10001	 	1	 	0	0	0	0	0	0	0	0	0	0	0	0	0.163625	
20001	 	1	 	0	0	0	0	0	0	0	0	0	0	0	0	0.163625	
30001	 	1	 	0	0	0	0	0	0	0	0	0	0	0	0	0.163625	
40001	 	1	 	0	0	0	0	0	0	0	0	0	0	0	0	0.163625	
50001	 	1	 	0	0	0	0	0	0	0	0	0	0	0	0	0.163625	
60001	 	1	 	0	0	0	0	0	0	0	0	0	0	0	0	0.163625	
70001	 	1	 	0	0	0	0	0	0	0	0	0	0	0	0	0.163625	
 
 
*--------------------------------------------------------------------------------------------------------------------------* 

ntimestep 	 Particles 	 Differential mass distribution 

1	 	0	 	0	0	0	0	0	0	0	0	0	0	0	0	0	
10001	 	2	 	0	0	0	0	0	0	0	0	0	0	0	0	0.327249	
20001	 	2	 	0	0	0	0	0	0	0	0	0	0	0	0	0.327249	
30001	 	2	 	0	0	0	0	0	0	0	0	0	0	0	0	0.327249	
40001	 	2	 	0	0	0	0	0	0	0	0	0	0	0	0	0.327249	
50001	 	2	 	0	0	0	0	0	0	0	0	0	0	0	0	0.327249	
60001	 	2	 	0	0	0	0	0	0	0	0	0	0	0	0	0.327249	
70001	 	2	 	0	0	0	0	0	0	0	0	0	0	0	0	0.327249	
80001	 	2	 	0	0	0	0	0	0	0	0	0	0	0	0	0.327249	
90001	 	2	 	0	0	0	0	0	0	0	0	0	0	0	0	0.327249	
100001	 	2	 	0	0	0	0	0	0	0	0	0	0	0	0	0.327249	
110001	 	2	 	0	0	0	0	0	0	0	0	0	0	0	0	0.327249	
120001	 	2	 	0	0	0	0	0	0	0	0	0	0	0	0	0.327249	
130001	 	2	 	0	0	0	0	0	0	0	0	0	0	0	0	0.327249	
140001	 	2	 	0	0	0	0	0	0	0	0	0	0	0	0	0.327249	
150001	 	2	 	0	0	0	0	0	0	0	0	0	0	0	0	0.327249	
160001	 	2	 	0	0	0	0	0	0	0	0	0	0	0	0	0.327249	
170001	 	2	 	0	0	0	0	0	0	0	0	0	0	0	0	0.327249	
180001	 	2	 	0	0	0	0	0	0	0	0	0	0	0	0	0.327249	
190001	 	2	 	0	0	0	0	0	0	0	0	0	0	0	0	0.327249	
200001	 	2	 	0	0	0	0	0	0	0	0	0	0	0	0	0.327249	
210001	 	2	 	0	0	0	0	0	0	0	0	0	0	0	0	0.327249	
220001	 	2	 	0	0	0	0	0	0	0	0	0	0	0	0	0.327249	
230001	 	2	 	0	0	0	0	0	0	0	0	0	0	0	0	0.327249	
240001	 	2	 	0	0	0	0	0	0	0	0	0	0	0	0	0.327249	
250001	 	2	 	0	0	0	0	0	0	0	0	0	0	0	0	0.327249	
260001	 	2	 	0	0	0	0	0	0	0	0	0	0	0	0	0.327249	
270001	 	2	 	0	0	0	0	0	0	0	0	0	0	0	0	0.327249	
280001	 	201	 	0.00855702	0.00212115	0.000744814	0.00297636	0.00289529	0.00363626	0.00198617	0.00276117	0	0.00579058	0.00969668	0	0.251982	
290001	 	201	 	0.00855702	0.00212115	0.000744814	0.00297636	0.00289529	0.00363626	0.00198617	0.00276117	0	0.00579058	0.00969668	0	0.251982	
300001	 	201	 	0.00855702	0.00212115	0.000744814	0.00297636	0.00289529	0.00363626	0.00198617	0.00276117	0	0.00579058	0.00969668	0	0.251982	
310001	 	201	 	0.00855702	0.00212115	0.000744814	0.00297636	0.00289529	0.00363626	0.00198617	0.00276117	0	0.00579058	0.00969668	0	0.251982	
320001	 	201	 	0.00855702	0.00212115	0.000744814	0.00297636	0.00289529	0.00363626	0.00198617	0.00276117	0	0.00579058	0.00969668	0	0.251982	
330001	 	201	 	0.00855702	0.00212115	0.000744814	0.00297636	0.00289529	0.00363626	0.00198617	0.00276117	0	0.00579058	0.00969668	0	0.251982	
340001	 	201	 	0.00855702	0.00212115	0.000744814	0.00297636	0.00289529	0.00363626	0.00198617	0.00276117	0	0.00579058	0.00969668	0	0.251982	
350001	 	201	 	0.00855702	0.00212115	0.000744814	0.00297636	0.00289529	0.00363626	0.00198617	0.00276117	0	0.00579058	0.00969668	0	0.251982	
360001	 	201	 	0.00855702	0.00212115	0.000744814	0.00297636	0.00289529	0.00363626	0.00198617	0.00276117	0	0.00579058	0.00969668	0	0.251982	
370001	 	201	 	0.00855702	0.00212115	0.000744814	0.00297636	0.00289529	0.00363626	0.00198617	0.00276117	0	0.00579058	0.00969668	0	0.251982	
380001	 	201	 	0.00855702	0.00212115	0.000744814	0.00297636	0.00289529	0.00363626	0.00198617	0.00276117	0	0.00579058	0.00969668	0	0.251982	
 
 
*--------------------------------------------------------------------------------------------------------------------------* 

ntimestep 	 Particles 	 Differential mass distribution 

1	 	0	 	0	0	0	0	0	0	0	0	0	0	0	0	0	
10001	 	18	 	0	0	0	0	0	0	0	0	0	0	0	0	0.397608	
20001	 	18	 	0	0	0	0	0	0	0	0	0	0	0	0	0.397608	
30001	 	18	 	0	0	0	0	0	0	0	0	0	0	0	0	0.397608	
40001	 	18	 	0	0	0	0	0	0	0	0	0	0	0	0	0.397608	
50001	 	18	 	0	0	0	0	0	0	0	0	0	0	0	0	0.397608	
60001	 	18	 	0	0	0	0	0	0	0	0	0	0	0	0	0.397608	
70001	 	18	 	0	0	0	0	0	0	0	0	0	0	0	0	0.397608	
80001	 	18	 	0	0	0	0	0	0	0	0	0	0	0	0	0.397608	
90001	 	18	 	0	0	0	0	0	0	0	0	0	0	0	0	0.397608	
100001	 	18	 	0	0	0	0	0	0	0	0	0	0	0	0	0.397608	
110001	 	18	 	0	0	0	0	0	0	0	0	0	0	0	0	0.397608	
120001	 	18	 	0	0	0	0	0	0	0	0	0	0	0	0	0.397608	
130001	 	18	 	0	0	0	0	0	0	0	0	0	0	0	0	0.397608	
140001	 	18	 	0	0	0	0	0	0	0	0	0	0	0	0	0.397608	
150001	 	18	 	0	0	0	0	0	0	0	0	0	0	0	0	0.397608	
160001	 	18	 	0	0	0	0	0	0	0	0	0	0	0	0	0.397608	
170001	 	18	 	0	0	0	0	0	0	0	0	0	0	0	0	0.397608	
180001	 	18	 	0	0	0	0	0	0	0	0	0	0	0	0	0.397608	
190001	 	18	 	0	0	0	0	0	0	0	0	0	0	0	0	0.397608	
200001	 	18	 	0	0	0	0	0	0	0	0	0	0	0	0	0.397608	
210001	 	18	 	0	0	0	0	0	0	0	0	0	0	0	0	0.397608	
220001	 	18	 	0	0	0	0	0	0	0	0	0	0	0	0	0.397608	
230001	 	18	 	0	0	0	0	0	0	0	0	0	0	0	0	0.397608	
240001	 	44	 	0.00122243	0.000151511	0	0.000425194	0.000723823	0.00121209	0	0	0	0	0	0	0.375518	
250001	 	44	 	0.00122243	0.000151511	0	0.000425194	0.000723823	0.00121209	0	0	0	0	0	0	0.375518	
260001	 	44	 	0.00122243	0.000151511	0	0.000425194	0.000723823	0.00121209	0	0	0	0	0	0	0.375518	
270001	 	44	 	0.00122243	0.000151511	0	0.000425194	0.000723823	0.00121209	0	0	0	0	0	0	0.375518	
280001	 	44	 	0.00122243	0.000151511	0	0.000425194	0.000723823	0.00121209	0	0	0	0	0	0	0.375518	
290001	 	44	 	0.00122243	0.000151511	0	0.000425194	0.000723823	0.00121209	0	0	0	0	0	0	0.375518	
300001	 	44	 	0.00122243	0.000151511	0	0.000425194	0.000723823	0.00121209	0	0	0	0	0	0	0.375518	
310001	 	69	 	0.00233857	0.000454532	0	0.000850387	0.00144765	0.00242417	0	0	0	0	0	0	0.353429	
320001	 	69	 	0.00233857	0.000454532	0	0.000850387	0.00144765	0.00242417	0	0	0	0	0	0	0.353429	
330001	 	69	 	0.00233857	0.000454532	0	0.000850387	0.00144765	0.00242417	0	0	0	0	0	0	0.353429	
340001	 	69	 	0.00233857	0.000454532	0	0.000850387	0.00144765	0.00242417	0	0	0	0	0	0	0.353429	
350001	 	93	 	0.00340155	0.000757553	0.000248271	0.000850387	0.00217147	0.00363626	0	0	0	0	0	0	0.33134	
360001	 	93	 	0.00340155	0.000757553	0.000248271	0.000850387	0.00217147	0.00363626	0	0	0	0	0	0	0.33134	
370001	 	123	 	0.00478343	0.000909064	0.000496543	0.00127558	0.00289529	0.00484834	0	0	0	0	0	0	0.309251	
380001	 	148	 	0.00595271	0.00106057	0.000496543	0.00170077	0.00361911	0.00606043	0	0	0	0	0	0	0.287161	
390001	 	148	 	0.00595271	0.00106057	0.000496543	0.00170077	0.00361911	0.00606043	0	0	0	0	0	0	0.287161	
400001	 	148	 	0.00595271	0.00106057	0.000496543	0.00170077	0.00361911	0.00606043	0	0	0	0	0	0	0.287161	
410001	 	166	 	0.00595271	0.00106057	0.000496543	0.00170077	0.00361911	0.00606043	0	0	0	0	0	0	0.684769	
420001	 	166	 	0.00595271	0.00106057	0.000496543	0.00170077	0.00361911	0.00606043	0	0	0	0	0	0	0.684769	
430001	 	166	 	0.00595271	0.00106057	0.000496543	0.00170077	0.00361911	0.00606043	0	0	0	0	0	0	0.684769	
440001	 	166	 	0.00595271	0.00106057	0.000496543	0.00170077	0.00361911	0.00606043	0	0	0	0	0	0	0.684769	
450001	 	166	 	0.00595271	0.00106057	0.000496543	0.00170077	0.00361911	0.00606043	0	0	0	0	0	0	0.684769	
460001	 	166	 	0.00595271	0.00106057	0.000496543	0.00170077	0.00361911	0.00606043	0	0	0	0	0	0	0.684769	
470001	 	166	 	0.00595271	0.00106057	0.000496543	0.00170077	0.00361911	0.00606043	0	0	0	0	0	0	0.684769	
480001	 	166	 	0.00595271	0.00106057	0.000496543	0.00170077	0.00361911	0.00606043	0	0	0	0	0	0	0.684769	
490001	 	166	 	0.00595271	0.00106057	0.000496543	0.00170077	0.00361911	0.00606043	0	0	0	0	0	0	0.684769	
500001	 	166	 	0.00595271	0.00106057	0.000496543	0.00170077	0.00361911	0.00606043	0	0	0	0	0	0	0.684769	
510001	 	166	 	0.00595271	0.00106057	0.000496543	0.00170077	0.00361911	0.00606043	0	0	0	0	0	0	0.684769	
520001	 	166	 	0.00595271	0.00106057	0.000496543	0.00170077	0.00361911	0.00606043	0	0	0	0	0	0	0.684769	
530001	 	166	 	0.00595271	0.00106057	0.000496543	0.00170077	0.00361911	0.00606043	0	0	0	0	0	0	0.684769	
540001	 	166	 	0.00595271	0.00106057	0.000496543	0.00170077	0.00361911	0.00606043	0	0	0	0	0	0	0.684769	
550001	 	166	 	0.00595271	0.00106057	0.000496543	0.00170077	0.00361911	0.00606043	0	0	0	0	0	0	0.684769	
560001	 	166	 	0.00595271	0.00106057	0.000496543	0.00170077	0.00361911	0.00606043	0	0	0	0	0	0	0.684769	
570001	 	166	 	0.00595271	0.00106057	0.000496543	0.00170077	0.00361911	0.00606043	0	0	0	0	0	0	0.684769	
580001	 	168	 	0.00611216	0.00106057	0.000496543	0.00170077	0.00361911	0.00484834	0	0	0	0	0	0	0.684769	
590001	 	194	 	0.00722829	0.00121209	0.000993085	0.00212597	0.00434294	0.00606043	0	0	0	0	0	0	0.66268	
600001	 	194	 	0.00722829	0.00121209	0.000993085	0.00212597	0.00434294	0.00606043	0	0	0	0	0	0	0.66268	
610001	 	194	 	0.00722829	0.00121209	0.000993085	0.00212597	0.00434294	0.00606043	0	0	0	0	0	0	0.66268	
620001	 	219	 	0.00834443	0.00151511	0.000993085	0.00255116	0.00506676	0.00727251	0	0	0	0	0	0	0.64059	
630001	 	219	 	0.00834443	0.00151511	0.000993085	0.00255116	0.00506676	0.00727251	0	0	0	0	0	0	0.64059	
640001	 	251	 	0.00977945	0.00181813	0.00124136	0.00297636	0.00579058	0.0084846	0	0	0	0	0	0	0.618501	
650001	 	310	 	0.0125964	0.00227266	0.00148963	0.00382674	0.00651441	0.00969668	0	0	0	0	0	0	0.574322	
660001	 	310	 	0.0125964	0.00227266	0.00148963	0.00382674	0.00651441	0.00969668	0	0	0	0	0	0	0.574322	
670001	 	310	 	0.0125964	0.00227266	0.00148963	0.00382674	0.00651441	0.00969668	0	0	0	0	0	0	0.574322	
680001	 	330	 	0.0134467	0.00257568	0.00148963	0.00425194	0.00723823	0.0109088	0	0	0	0	0	0	0.552233	
690001	 	330	 	0.0134467	0.00257568	0.00148963	0.00425194	0.00723823	0.0109088	0	0	0	0	0	0	0.552233	
700001	 	330	 	0.0134467	0.00257568	0.00148963	0.00425194	0.00723823	0.0109088	0	0	0	0	0	0	0.552233	
710001	 	353	 	0.0144566	0.00272719	0.0017379	0.00467713	0.00796205	0.0121209	0	0	0	0	0	0	0.530144	
720001	 	383	 	0.0157853	0.00318172	0.0017379	0.00510232	0.00868588	0.0133329	0	0	0	0	0	0	0.508054	
730001	 	410	 	0.0169014	0.00363626	0.00198617	0.00552752	0.0094097	0.014545	0	0	0	0	0	0	0.485965	
740001	 	410	 	0.0169014	0.00363626	0.00198617	0.00552752	0.0094097	0.014545	0	0	0	0	0	0	0.485965	
750001	 	410	 	0.0169014	0.00363626	0.00198617	0.00552752	0.0094097	0.014545	0	0	0	0	0	0	0.485965	
760001	 	410	 	0.0169014	0.00363626	0.00198617	0.00552752	0.0094097	0.014545	0	0	0	0	0	0	0.485965	
770001	 	410	 	0.0169014	0.00363626	0.00198617	0.00552752	0.0094097	0.014545	0	0	0	0	0	0	0.485965	
780001	 	410	 	0.0169014	0.00363626	0.00198617	0.00552752	0.0094097	0.014545	0	0	0	0	0	0	0.485965	
790001	 	410	 	0.0169014	0.00363626	0.00198617	0.00552752	0.0094097	0.014545	0	0	0	0	0	0	0.485965	
800001	 	410	 	0.0169014	0.00363626	0.00198617	0.00552752	0.0094097	0.014545	0	0	0	0	0	0	0.485965	
810001	 	428	 	0.0169014	0.00363626	0.00198617	0.00552752	0.0094097	0.014545	0	0	0	0	0	0	0.883573	
820001	 	428	 	0.0169014	0.00363626	0.00198617	0.00552752	0.0094097	0.014545	0	0	0	0	0	0	0.883573	
830001	 	428	 	0.0169014	0.00363626	0.00198617	0.00552752	0.0094097	0.014545	0	0	0	0	0	0	0.883573	
840001	 	428	 	0.0169014	0.00363626	0.00198617	0.00552752	0.0094097	0.014545	0	0	0	0	0	0	0.883573	
850001	 	429	 	0.0170077	0.00363626	0.00198617	0.00552752	0.0094097	0.0133329	0	0	0	0	0	0	0.883573	
860001	 	429	 	0.0170077	0.00363626	0.00198617	0.00552752	0.0094097	0.0133329	0	0	0	0	0	0	0.883573	
870001	 	459	 	0.0183365	0.00393928	0.00223444	0.00595271	0.0101335	0.014545	0	0	0	0	0	0	0.861484	
880001	 	519	 	0.0210471	0.00454532	0.00273098	0.0068031	0.0115812	0.0157571	0	0	0	0	0	0	0.817305	
890001	 	521	 	0.0212065	0.00454532	0.00273098	0.0068031	0.0108573	0.0157571	0	0	0	0	0	0	0.817305	
900001	 	521	 	0.0212065	0.00454532	0.00273098	0.0068031	0.0108573	0.0157571	0	0	0	0	0	0	0.817305	
910001	 	521	 	0.0212065	0.00454532	0.00273098	0.0068031	0.0108573	0.0157571	0	0	0	0	0	0	0.817305	
920001	 	521	 	0.0212065	0.00454532	0.00273098	0.0068031	0.0108573	0.0157571	0	0	0	0	0	0	0.817305	
930001	 	521	 	0.0212065	0.00454532	0.00273098	0.0068031	0.0108573	0.0157571	0	0	0	0	0	0	0.817305	
940001	 	521	 	0.0212065	0.00454532	0.00273098	0.0068031	0.0108573	0.0157571	0	0	0	0	0	0	0.817305	
950001	 	521	 	0.0212065	0.00454532	0.00273098	0.0068031	0.0108573	0.0157571	0	0	0	0	0	0	0.817305	
960001	 	521	 	0.0212065	0.00454532	0.00273098	0.0068031	0.0108573	0.0157571	0	0	0	0	0	0	0.817305	
970001	 	521	 	0.0212065	0.00454532	0.00273098	0.0068031	0.0108573	0.0157571	0	0	0	0	0	0	0.817305	
980001	 	568	 	0.0232794	0.00484834	0.00322753	0.00765349	0.012305	0.0181813	0	0	0	0	0	0	0.773126	
990001	 	568	 	0.0232794	0.00484834	0.00322753	0.00765349	0.012305	0.0181813	0	0	0	0	0	0	0.773126	
1000001	 	568	 	0.0232794	0.00484834	0.00322753	0.00765349	0.012305	0.0181813	0	0	0	0	0	0	0.773126	
 
 
*--------------------------------------------------------------------------------------------------------------------------* 

ntimestep 	 Particles 	 Differential mass distribution 

1	 	0	 	0	0	0	0	0	0	0	0	0	0	0	0	0	
10001	 	18	 	0	0	0	0	0	0	0	0	0	0	0	0	0.397608	
20001	 	18	 	0	0	0	0	0	0	0	0	0	0	0	0	0.397608	
30001	 	18	 	0	0	0	0	0	0	0	0	0	0	0	0	0.397608	
40001	 	18	 	0	0	0	0	0	0	0	0	0	0	0	0	0.397608	
50001	 	18	 	0	0	0	0	0	0	0	0	0	0	0	0	0.397608	
60001	 	18	 	0	0	0	0	0	0	0	0	0	0	0	0	0.397608	
70001	 	18	 	0	0	0	0	0	0	0	0	0	0	0	0	0.397608	
80001	 	18	 	0	0	0	0	0	0	0	0	0	0	0	0	0.397608	
90001	 	18	 	0	0	0	0	0	0	0	0	0	0	0	0	0.397608	
100001	 	18	 	0	0	0	0	0	0	0	0	0	0	0	0	0.397608	
110001	 	18	 	0	0	0	0	0	0	0	0	0	0	0	0	0.397608	
120001	 	18	 	0	0	0	0	0	0	0	0	0	0	0	0	0.397608	
130001	 	18	 	0	0	0	0	0	0	0	0	0	0	0	0	0.397608	
140001	 	18	 	0	0	0	0	0	0	0	0	0	0	0	0	0.397608	
150001	 	18	 	0	0	0	0	0	0	0	0	0	0	0	0	0.397608	
160001	 	18	 	0	0	0	0	0	0	0	0	0	0	0	0	0.397608	
170001	 	18	 	0	0	0	0	0	0	0	0	0	0	0	0	0.397608	
180001	 	18	 	0	0	0	0	0	0	0	0	0	0	0	0	0.397608	
190001	 	18	 	0	0	0	0	0	0	0	0	0	0	0	0	0.397608	
200001	 	18	 	0	0	0	0	0	0	0	0	0	0	0	0	0.397608	
210001	 	18	 	0	0	0	0	0	0	0	0	0	0	0	0	0.397608	
220001	 	18	 	0	0	0	0	0	0	0	0	0	0	0	0	0.397608	
230001	 	18	 	0	0	0	0	0	0	0	0	0	0	0	0	0.397608	
240001	 	44	 	0.00122243	0.000151511	0	0.000425194	0.000723823	0.00121209	0	0	0	0	0	0	0.375518	
250001	 	44	 	0.00122243	0.000151511	0	0.000425194	0.000723823	0.00121209	0	0	0	0	0	0	0.375518	
260001	 	44	 	0.00122243	0.000151511	0	0.000425194	0.000723823	0.00121209	0	0	0	0	0	0	0.375518	
270001	 	44	 	0.00122243	0.000151511	0	0.000425194	0.000723823	0.00121209	0	0	0	0	0	0	0.375518	
280001	 	44	 	0.00122243	0.000151511	0	0.000425194	0.000723823	0.00121209	0	0	0	0	0	0	0.375518	
290001	 	44	 	0.00122243	0.000151511	0	0.000425194	0.000723823	0.00121209	0	0	0	0	0	0	0.375518	
300001	 	44	 	0.00122243	0.000151511	0	0.000425194	0.000723823	0.00121209	0	0	0	0	0	0	0.375518	
310001	 	69	 	0.00233857	0.000454532	0	0.000850387	0.00144765	0.00242417	0	0	0	0	0	0	0.353429	
320001	 	69	 	0.00233857	0.000454532	0	0.000850387	0.00144765	0.00242417	0	0	0	0	0	0	0.353429	
330001	 	69	 	0.00233857	0.000454532	0	0.000850387	0.00144765	0.00242417	0	0	0	0	0	0	0.353429	
340001	 	69	 	0.00233857	0.000454532	0	0.000850387	0.00144765	0.00242417	0	0	0	0	0	0	0.353429	
350001	 	93	 	0.00340155	0.000757553	0.000248271	0.000850387	0.00217147	0.00363626	0	0	0	0	0	0	0.33134	
360001	 	93	 	0.00340155	0.000757553	0.000248271	0.000850387	0.00217147	0.00363626	0	0	0	0	0	0	0.33134	
370001	 	123	 	0.00478343	0.000909064	0.000496543	0.00127558	0.00289529	0.00484834	0	0	0	0	0	0	0.309251	
380001	 	148	 	0.00595271	0.00106057	0.000496543	0.00170077	0.00361911	0.00606043	0	0	0	0	0	0	0.287161	
390001	 	148	 	0.00595271	0.00106057	0.000496543	0.00170077	0.00361911	0.00606043	0	0	0	0	0	0	0.287161	
400001	 	148	 	0.00595271	0.00106057	0.000496543	0.00170077	0.00361911	0.00606043	0	0	0	0	0	0	0.287161	
410001	 	166	 	0.00595271	0.00106057	0.000496543	0.00170077	0.00361911	0.00606043	0	0	0	0	0	0	0.684769	
420001	 	166	 	0.00595271	0.00106057	0.000496543	0.00170077	0.00361911	0.00606043	0	0	0	0	0	0	0.684769	
430001	 	166	 	0.00595271	0.00106057	0.000496543	0.00170077	0.00361911	0.00606043	0	0	0	0	0	0	0.684769	
440001	 	166	 	0.00595271	0.00106057	0.000496543	0.00170077	0.00361911	0.00606043	0	0	0	0	0	0	0.684769	
450001	 	166	 	0.00595271	0.00106057	0.000496543	0.00170077	0.00361911	0.00606043	0	0	0	0	0	0	0.684769	
460001	 	166	 	0.00595271	0.00106057	0.000496543	0.00170077	0.00361911	0.00606043	0	0	0	0	0	0	0.684769	
470001	 	166	 	0.00595271	0.00106057	0.000496543	0.00170077	0.00361911	0.00606043	0	0	0	0	0	0	0.684769	
480001	 	166	 	0.00595271	0.00106057	0.000496543	0.00170077	0.00361911	0.00606043	0	0	0	0	0	0	0.684769	
490001	 	166	 	0.00595271	0.00106057	0.000496543	0.00170077	0.00361911	0.00606043	0	0	0	0	0	0	0.684769	
500001	 	166	 	0.00595271	0.00106057	0.000496543	0.00170077	0.00361911	0.00606043	0	0	0	0	0	0	0.684769	
510001	 	166	 	0.00595271	0.00106057	0.000496543	0.00170077	0.00361911	0.00606043	0	0	0	0	0	0	0.684769	
520001	 	166	 	0.00595271	0.00106057	0.000496543	0.00170077	0.00361911	0.00606043	0	0	0	0	0	0	0.684769	
530001	 	166	 	0.00595271	0.00106057	0.000496543	0.00170077	0.00361911	0.00606043	0	0	0	0	0	0	0.684769	
540001	 	166	 	0.00595271	0.00106057	0.000496543	0.00170077	0.00361911	0.00606043	0	0	0	0	0	0	0.684769	
550001	 	166	 	0.00595271	0.00106057	0.000496543	0.00170077	0.00361911	0.00606043	0	0	0	0	0	0	0.684769	
560001	 	166	 	0.00595271	0.00106057	0.000496543	0.00170077	0.00361911	0.00606043	0	0	0	0	0	0	0.684769	
570001	 	166	 	0.00595271	0.00106057	0.000496543	0.00170077	0.00361911	0.00606043	0	0	0	0	0	0	0.684769	
 
 
*--------------------------------------------------------------------------------------------------------------------------* 

ntimestep 	 Particles 	 Differential mass distribution 

1	 	0	 	0	0	0	0	0	0	0	0	0	0	0	0	0	
10001	 	18	 	0	0	0	0	0	0	0	0	0	0	0	0	0.397608	
20001	 	18	 	0	0	0	0	0	0	0	0	0	0	0	0	0.397608	
30001	 	18	 	0	0	0	0	0	0	0	0	0	0	0	0	0.397608	
40001	 	18	 	0	0	0	0	0	0	0	0	0	0	0	0	0.397608	
50001	 	18	 	0	0	0	0	0	0	0	0	0	0	0	0	0.397608	
60001	 	18	 	0	0	0	0	0	0	0	0	0	0	0	0	0.397608	
70001	 	18	 	0	0	0	0	0	0	0	0	0	0	0	0	0.397608	
80001	 	18	 	0	0	0	0	0	0	0	0	0	0	0	0	0.397608	
90001	 	18	 	0	0	0	0	0	0	0	0	0	0	0	0	0.397608	
100001	 	18	 	0	0	0	0	0	0	0	0	0	0	0	0	0.397608	
110001	 	18	 	0	0	0	0	0	0	0	0	0	0	0	0	0.397608	
120001	 	18	 	0	0	0	0	0	0	0	0	0	0	0	0	0.397608	
130001	 	18	 	0	0	0	0	0	0	0	0	0	0	0	0	0.397608	
140001	 	18	 	0	0	0	0	0	0	0	0	0	0	0	0	0.397608	
150001	 	18	 	0	0	0	0	0	0	0	0	0	0	0	0	0.397608	
160001	 	18	 	0	0	0	0	0	0	0	0	0	0	0	0	0.397608	
170001	 	18	 	0	0	0	0	0	0	0	0	0	0	0	0	0.397608	
180001	 	18	 	0	0	0	0	0	0	0	0	0	0	0	0	0.397608	
190001	 	18	 	0	0	0	0	0	0	0	0	0	0	0	0	0.397608	
200001	 	18	 	0	0	0	0	0	0	0	0	0	0	0	0	0.397608	
210001	 	18	 	0	0	0	0	0	0	0	0	0	0	0	0	0.397608	
220001	 	18	 	0	0	0	0	0	0	0	0	0	0	0	0	0.397608	
230001	 	18	 	0	0	0	0	0	0	0	0	0	0	0	0	0.397608	
240001	 	44	 	0.00122243	0.000151511	0	0.000425194	0.000723823	0.00121209	0	0	0	0	0	0	0.375518	
250001	 	44	 	0.00122243	0.000151511	0	0.000425194	0.000723823	0.00121209	0	0	0	0	0	0	0.375518	
260001	 	44	 	0.00122243	0.000151511	0	0.000425194	0.000723823	0.00121209	0	0	0	0	0	0	0.375518	
270001	 	44	 	0.00122243	0.000151511	0	0.000425194	0.000723823	0.00121209	0	0	0	0	0	0	0.375518	
280001	 	44	 	0.00122243	0.000151511	0	0.000425194	0.000723823	0.00121209	0	0	0	0	0	0	0.375518	
290001	 	44	 	0.00122243	0.000151511	0	0.000425194	0.000723823	0.00121209	0	0	0	0	0	0	0.375518	
300001	 	44	 	0.00122243	0.000151511	0	0.000425194	0.000723823	0.00121209	0	0	0	0	0	0	0.375518	
 
 
*--------------------------------------------------------------------------------------------------------------------------* 

ntimestep 	 Particles 	 Differential mass distribution 

1	 	0	 	0	0	0	0	0	0	0	0	0	0	0	0	0	
10001	 	18	 	0	0	0	0	0	0	0	0	0	0	0	0	0.397608	
20001	 	18	 	0	0	0	0	0	0	0	0	0	0	0	0	0.397608	
30001	 	18	 	0	0	0	0	0	0	0	0	0	0	0	0	0.397608	
40001	 	18	 	0	0	0	0	0	0	0	0	0	0	0	0	0.397608	
50001	 	18	 	0	0	0	0	0	0	0	0	0	0	0	0	0.397608	
60001	 	18	 	0	0	0	0	0	0	0	0	0	0	0	0	0.397608	
70001	 	18	 	0	0	0	0	0	0	0	0	0	0	0	0	0.397608	
80001	 	18	 	0	0	0	0	0	0	0	0	0	0	0	0	0.397608	
90001	 	18	 	0	0	0	0	0	0	0	0	0	0	0	0	0.397608	
100001	 	18	 	0	0	0	0	0	0	0	0	0	0	0	0	0.397608	
110001	 	18	 	0	0	0	0	0	0	0	0	0	0	0	0	0.397608	
120001	 	18	 	0	0	0	0	0	0	0	0	0	0	0	0	0.397608	
130001	 	18	 	0	0	0	0	0	0	0	0	0	0	0	0	0.397608	
140001	 	18	 	0	0	0	0	0	0	0	0	0	0	0	0	0.397608	
150001	 	18	 	0	0	0	0	0	0	0	0	0	0	0	0	0.397608	
160001	 	18	 	0	0	0	0	0	0	0	0	0	0	0	0	0.397608	
170001	 	18	 	0	0	0	0	0	0	0	0	0	0	0	0	0.397608	
180001	 	18	 	0	0	0	0	0	0	0	0	0	0	0	0	0.397608	
190001	 	18	 	0	0	0	0	0	0	0	0	0	0	0	0	0.397608	
200001	 	18	 	0	0	0	0	0	0	0	0	0	0	0	0	0.397608	
210001	 	18	 	0	0	0	0	0	0	0	0	0	0	0	0	0.397608	
220001	 	18	 	0	0	0	0	0	0	0	0	0	0	0	0	0.397608	
230001	 	18	 	0	0	0	0	0	0	0	0	0	0	0	0	0.397608	
240001	 	104	 	0.00409249	0.000757553	0.000496543	0.000425194	0.000723823	0.00121209	0	0	0	0	0	0	0.375518	
250001	 	104	 	0.00409249	0.000757553	0.000496543	0.000425194	0.000723823	0.00121209	0	0	0	0	0	0	0.375518	
260001	 	104	 	0.00409249	0.000757553	0.000496543	0.000425194	0.000723823	0.00121209	0	0	0	0	0	0	0.375518	
270001	 	104	 	0.00409249	0.000757553	0.000496543	0.000425194	0.000723823	0.00121209	0	0	0	0	0	0	0.375518	
280001	 	104	 	0.00409249	0.000757553	0.000496543	0.000425194	0.000723823	0.00121209	0	0	0	0	0	0	0.375518	
290001	 	104	 	0.00409249	0.000757553	0.000496543	0.000425194	0.000723823	0.00121209	0	0	0	0	0	0	0.375518	
300001	 	104	 	0.00409249	0.000757553	0.000496543	0.000425194	0.000723823	0.00121209	0	0	0	0	0	0	0.375518	
310001	 	191	 	0.00823813	0.00151511	0.000993085	0.000850387	0.00144765	0.00242417	0	0	0	0	0	0	0.353429	
320001	 	191	 	0.00823813	0.00151511	0.000993085	0.000850387	0.00144765	0.00242417	0	0	0	0	0	0	0.353429	
330001	 	191	 	0.00823813	0.00151511	0.000993085	0.000850387	0.00144765	0.00242417	0	0	0	0	0	0	0.353429	
340001	 	191	 	0.00823813	0.00151511	0.000993085	0.000850387	0.00144765	0.00242417	0	0	0	0	0	0	0.353429	
350001	 	279	 	0.0124901	0.00227266	0.00148963	0.000850387	0.00217147	0.00363626	0	0	0	0	0	0	0.33134	
360001	 	279	 	0.0124901	0.00227266	0.00148963	0.000850387	0.00217147	0.00363626	0	0	0	0	0	0	0.33134	
370001	 	365	 	0.0165826	0.00303021	0.00198617	0.00127558	0.00289529	0.00484834	0	0	0	0	0	0	0.309251	
380001	 	451	 	0.020675	0.00378777	0.00248271	0.00170077	0.00361911	0.00606043	0	0	0	0	0	0	0.287161	
390001	 	451	 	0.020675	0.00378777	0.00248271	0.00170077	0.00361911	0.00606043	0	0	0	0	0	0	0.287161	
400001	 	451	 	0.020675	0.00378777	0.00248271	0.00170077	0.00361911	0.00606043	0	0	0	0	0	0	0.287161	
410001	 	469	 	0.020675	0.00378777	0.00248271	0.00170077	0.00361911	0.00606043	0	0	0	0	0	0	0.684769	
 
 
*--------------------------------------------------------------------------------------------------------------------------* 

ntimestep 	 Particles 	 Differential mass distribution 

1005001	 	568	 	0.0232794	0.00484834	0.00322753	0.00765349	0.012305	0.0181813	0	0	0	0	0	0	0.773126	
1015001	 	568	 	0.0232794	0.00484834	0.00322753	0.00765349	0.012305	0.0181813	0	0	0	0	0	0	0.773126	
1025001	 	568	 	0.0232794	0.00484834	0.00322753	0.00765349	0.012305	0.0181813	0	0	0	0	0	0	0.773126	
1035001	 	568	 	0.0232794	0.00484834	0.00322753	0.00765349	0.012305	0.0181813	0	0	0	0	0	0	0.773126	
1045001	 	568	 	0.0232794	0.00484834	0.00322753	0.00765349	0.012305	0.0181813	0	0	0	0	0	0	0.773126	
1055001	 	663	 	0.0279033	0.00575741	0.00372407	0.00765349	0.0130288	0.0181813	0	0	0	0	0	0	0.751037	
1065001	 	663	 	0.0279033	0.00575741	0.00372407	0.00765349	0.0130288	0.0181813	0	0	0	0	0	0	0.751037	
1075001	 	663	 	0.0279033	0.00575741	0.00372407	0.00765349	0.0130288	0.0181813	0	0	0	0	0	0	0.751037	
1085001	 	665	 	0.0280628	0.00575741	0.00372407	0.00722829	0.0130288	0.0181813	0	0	0	0	0	0	0.751037	
1095001	 	665	 	0.0280628	0.00575741	0.00372407	0.00722829	0.0130288	0.0181813	0	0	0	0	0	0	0.751037	
1105001	 	665	 	0.0280628	0.00575741	0.00372407	0.00722829	0.0130288	0.0181813	0	0	0	0	0	0	0.751037	
1115001	 	758	 	0.0325273	0.00666647	0.00422061	0.00765349	0.0137526	0.0181813	0	0	0	0	0	0	0.728948	
1125001	 	777	 	0.0335903	0.00696949	0.00422061	0.00765349	0.0130288	0.0157571	0	0	0	0	0	0	0.728948	
1135001	 	779	 	0.0337497	0.00696949	0.00422061	0.00722829	0.0130288	0.0157571	0	0	0	0	0	0	0.728948	
1145001	 	783	 	0.0340155	0.00696949	0.00422061	0.00722829	0.012305	0.0157571	0	0	0	0	0	0	0.728948	
1155001	 	794	 	0.0346533	0.007121	0.00422061	0.00722829	0.0115812	0.014545	0	0	0	0	0	0	0.728948	
 
 
*--------------------------------------------------------------------------------------------------------------------------* 

ntimestep 	 Particles 	 Differential mass distribution 

1	 	0	 	0	0	0	0	0	0	0	0	0	0	0	0	0	
10001	 	18	 	0	0	0	0	0	0	0	0	0	0	0	0	0.397608	
20001	 	18	 	0	0	0	0	0	0	0	0	0	0	0	0	0.397608	
30001	 	18	 	0	0	0	0	0	0	0	0	0	0	0	0	0.397608	
40001	 	18	 	0	0	0	0	0	0	0	0	0	0	0	0	0.397608	
50001	 	18	 	0	0	0	0	0	0	0	0	0	0	0	0	0.397608	
60001	 	18	 	0	0	0	0	0	0	0	0	0	0	0	0	0.397608	
70001	 	18	 	0	0	0	0	0	0	0	0	0	0	0	0	0.397608	
80001	 	18	 	0	0	0	0	0	0	0	0	0	0	0	0	0.397608	
90001	 	18	 	0	0	0	0	0	0	0	0	0	0	0	0	0.397608	
100001	 	18	 	0	0	0	0	0	0	0	0	0	0	0	0	0.397608	
110001	 	18	 	0	0	0	0	0	0	0	0	0	0	0	0	0.397608	
120001	 	18	 	0	0	0	0	0	0	0	0	0	0	0	0	0.397608	
130001	 	18	 	0	0	0	0	0	0	0	0	0	0	0	0	0.397608	
140001	 	18	 	0	0	0	0	0	0	0	0	0	0	0	0	0.397608	
150001	 	18	 	0	0	0	0	0	0	0	0	0	0	0	0	0.397608	
160001	 	18	 	0	0	0	0	0	0	0	0	0	0	0	0	0.397608	
170001	 	18	 	0	0	0	0	0	0	0	0	0	0	0	0	0.397608	
180001	 	18	 	0	0	0	0	0	0	0	0	0	0	0	0	0.397608	
190001	 	18	 	0	0	0	0	0	0	0	0	0	0	0	0	0.397608	
200001	 	18	 	0	0	0	0	0	0	0	0	0	0	0	0	0.397608	
 
 
*--------------------------------------------------------------------------------------------------------------------------* 

ntimestep 	 Particles 	 Differential mass distribution 

1163001	 	801	 	0.0350253	0.00727251	0.00422061	0.00722829	0.0115812	0.0133329	0	0	0	0	0	0	0.728948	
 
 
*--------------------------------------------------------------------------------------------------------------------------* 

ntimestep 	 Particles 	 Differential mass distribution 

201001	 	18	 	0	0	0	0	0	0	0	0	0	0	0	0	0.397608	
211001	 	18	 	0	0	0	0	0	0	0	0	0	0	0	0	0.397608	
221001	 	18	 	0	0	0	0	0	0	0	0	0	0	0	0	0.397608	
231001	 	18	 	0	0	0	0	0	0	0	0	0	0	0	0	0.397608	
241001	 	104	 	0.00409249	0.000757553	0.000496543	0.000425194	0.000723823	0.00121209	0	0	0	0	0	0	0.375518	
251001	 	104	 	0.00409249	0.000757553	0.000496543	0.000425194	0.000723823	0.00121209	0	0	0	0	0	0	0.375518	
261001	 	104	 	0.00409249	0.000757553	0.000496543	0.000425194	0.000723823	0.00121209	0	0	0	0	0	0	0.375518	
271001	 	104	 	0.00409249	0.000757553	0.000496543	0.000425194	0.000723823	0.00121209	0	0	0	0	0	0	0.375518	
281001	 	104	 	0.00409249	0.000757553	0.000496543	0.000425194	0.000723823	0.00121209	0	0	0	0	0	0	0.375518	
291001	 	104	 	0.00409249	0.000757553	0.000496543	0.000425194	0.000723823	0.00121209	0	0	0	0	0	0	0.375518	
301001	 	104	 	0.00409249	0.000757553	0.000496543	0.000425194	0.000723823	0.00121209	0	0	0	0	0	0	0.375518	
311001	 	191	 	0.00823813	0.00151511	0.000993085	0.000850387	0.00144765	0.00242417	0	0	0	0	0	0	0.353429	
321001	 	191	 	0.00823813	0.00151511	0.000993085	0.000850387	0.00144765	0.00242417	0	0	0	0	0	0	0.353429	
331001	 	191	 	0.00823813	0.00151511	0.000993085	0.000850387	0.00144765	0.00242417	0	0	0	0	0	0	0.353429	
341001	 	277	 	0.0123306	0.00227266	0.00148963	0.00127558	0.00217147	0.00363626	0	0	0	0	0	0	0.33134	
351001	 	279	 	0.0124901	0.00227266	0.00148963	0.000850387	0.00217147	0.00363626	0	0	0	0	0	0	0.33134	
361001	 	279	 	0.0124901	0.00227266	0.00148963	0.000850387	0.00217147	0.00363626	0	0	0	0	0	0	0.33134	
371001	 	365	 	0.0165826	0.00303021	0.00198617	0.00127558	0.00289529	0.00484834	0	0	0	0	0	0	0.309251	
381001	 	464	 	0.0214723	0.00393928	0.00248271	0.00127558	0.00289529	0.00484834	0	0	0	0	0	0	0.287161	
391001	 	477	 	0.0222695	0.00409079	0.00248271	0.000850387	0.00217147	0.00363626	0	0	0	0	0	0	0.287161	
401001	 	495	 	0.0222695	0.00409079	0.00248271	0.000850387	0.00217147	0.00363626	0	0	0	0	0	0	0.684769	
411001	 	495	 	0.0222695	0.00409079	0.00248271	0.000850387	0.00217147	0.00363626	0	0	0	0	0	0	0.684769	
421001	 	495	 	0.0222695	0.00409079	0.00248271	0.000850387	0.00217147	0.00363626	0	0	0	0	0	0	0.684769	
431001	 	495	 	0.0222695	0.00409079	0.00248271	0.000850387	0.00217147	0.00363626	0	0	0	0	0	0	0.684769	
441001	 	495	 	0.0222695	0.00409079	0.00248271	0.000850387	0.00217147	0.00363626	0	0	0	0	0	0	0.684769	
451001	 	495	 	0.0222695	0.00409079	0.00248271	0.000850387	0.00217147	0.00363626	0	0	0	0	0	0	0.684769	
461001	 	495	 	0.0222695	0.00409079	0.00248271	0.000850387	0.00217147	0.00363626	0	0	0	0	0	0	0.684769	
471001	 	495	 	0.0222695	0.00409079	0.00248271	0.000850387	0.00217147	0.00363626	0	0	0	0	0	0	0.684769	
481001	 	495	 	0.0222695	0.00409079	0.00248271	0.000850387	0.00217147	0.00363626	0	0	0	0	0	0	0.684769	
491001	 	495	 	0.0222695	0.00409079	0.00248271	0.000850387	0.00217147	0.00363626	0	0	0	0	0	0	0.684769	
501001	 	495	 	0.0222695	0.00409079	0.00248271	0.000850387	0.00217147	0.00363626	0	0	0	0	0	0	0.684769	
511001	 	495	 	0.0222695	0.00409079	0.00248271	0.000850387	0.00217147	0.00363626	0	0	0	0	0	0	0.684769	
521001	 	495	 	0.0222695	0.00409079	0.00248271	0.000850387	0.00217147	0.00363626	0	0	0	0	0	0	0.684769	
531001	 	495	 	0.0222695	0.00409079	0.00248271	0.000850387	0.00217147	0.00363626	0	0	0	0	0	0	0.684769	
541001	 	495	 	0.0222695	0.00409079	0.00248271	0.000850387	0.00217147	0.00363626	0	0	0	0	0	0	0.684769	
551001	 	495	 	0.0222695	0.00409079	0.00248271	0.000850387	0.00217147	0.00363626	0	0	0	0	0	0	0.684769	
561001	 	495	 	0.0222695	0.00409079	0.00248271	0.000850387	0.00217147	0.00363626	0	0	0	0	0	0	0.684769	
571001	 	495	 	0.0222695	0.00409079	0.00248271	0.000850387	0.00217147	0.00363626	0	0	0	0	0	0	0.684769	
581001	 	495	 	0.0222695	0.00409079	0.00248271	0.000850387	0.00217147	0.00363626	0	0	0	0	0	0	0.684769	
591001	 	596	 	0.0272655	0.00499985	0.00297926	0.000850387	0.00217147	0.00363626	0	0	0	0	0	0	0.66268	
601001	 	596	 	0.0272655	0.00499985	0.00297926	0.000850387	0.00217147	0.00363626	0	0	0	0	0	0	0.66268	
611001	 	596	 	0.0272655	0.00499985	0.00297926	0.000850387	0.00217147	0.00363626	0	0	0	0	0	0	0.66268	
621001	 	682	 	0.031358	0.00575741	0.0034758	0.00127558	0.00289529	0.00484834	0	0	0	0	0	0	0.64059	
631001	 	695	 	0.0321553	0.00590892	0.0034758	0.000850387	0.00217147	0.00363626	0	0	0	0	0	0	0.64059	
641001	 	695	 	0.0321553	0.00590892	0.0034758	0.000850387	0.00217147	0.00363626	0	0	0	0	0	0	0.64059	
651001	 	783	 	0.0364072	0.00666647	0.00397234	0.000850387	0.00289529	0.00484834	0	0	0	0	0	0	0.618501	
661001	 	794	 	0.037045	0.00681798	0.00397234	0.000850387	0.00217147	0.00363626	0	0	0	0	0	0	0.618501	
671001	 	794	 	0.037045	0.00681798	0.00397234	0.000850387	0.00217147	0.00363626	0	0	0	0	0	0	0.618501	
681001	 	794	 	0.037045	0.00681798	0.00397234	0.000850387	0.00217147	0.00363626	0	0	0	0	0	0	0.618501	
691001	 	794	 	0.037045	0.00681798	0.00397234	0.000850387	0.00217147	0.00363626	0	0	0	0	0	0	0.618501	
701001	 	794	 	0.037045	0.00681798	0.00397234	0.000850387	0.00217147	0.00363626	0	0	0	0	0	0	0.618501	
711001	 	794	 	0.037045	0.00681798	0.00397234	0.000850387	0.00217147	0.00363626	0	0	0	0	0	0	0.618501	
721001	 	794	 	0.037045	0.00681798	0.00397234	0.000850387	0.00217147	0.00363626	0	0	0	0	0	0	0.618501	
731001	 	794	 	0.037045	0.00681798	0.00397234	0.000850387	0.00217147	0.00363626	0	0	0	0	0	0	0.618501	
741001	 	794	 	0.037045	0.00681798	0.00397234	0.000850387	0.00217147	0.00363626	0	0	0	0	0	0	0.618501	
751001	 	794	 	0.037045	0.00681798	0.00397234	0.000850387	0.00217147	0.00363626	0	0	0	0	0	0	0.618501	
761001	 	794	 	0.037045	0.00681798	0.00397234	0.000850387	0.00217147	0.00363626	0	0	0	0	0	0	0.618501	
771001	 	794	 	0.037045	0.00681798	0.00397234	0.000850387	0.00217147	0.00363626	0	0	0	0	0	0	0.618501	
781001	 	794	 	0.037045	0.00681798	0.00397234	0.000850387	0.00217147	0.00363626	0	0	0	0	0	0	0.618501	
791001	 	794	 	0.037045	0.00681798	0.00397234	0.000850387	0.00217147	0.00363626	0	0	0	0	0	0	0.618501	
801001	 	812	 	0.037045	0.00681798	0.00397234	0.000850387	0.00217147	0.00363626	0	0	0	0	0	0	1.01611	
811001	 	908	 	0.0417221	0.00772704	0.00446888	0.000850387	0.00289529	0.00363626	0	0	0	0	0	0	0.99402	
821001	 	991	 	0.0456552	0.0084846	0.00496543	0.00127558	0.00361911	0.00484834	0	0	0	0	0	0	0.97193	
831001	 	1004	 	0.0464524	0.00863611	0.00496543	0.000850387	0.00289529	0.00363626	0	0	0	0	0	0	0.97193	
841001	 	1004	 	0.0464524	0.00863611	0.00496543	0.000850387	0.00289529	0.00363626	0	0	0	0	0	0	0.97193	
851001	 	1004	 	0.0464524	0.00863611	0.00496543	0.000850387	0.00289529	0.00363626	0	0	0	0	0	0	0.97193	
861001	 	1004	 	0.0464524	0.00863611	0.00496543	0.000850387	0.00289529	0.00363626	0	0	0	0	0	0	0.97193	
871001	 	1004	 	0.0464524	0.00863611	0.00496543	0.000850387	0.00289529	0.00363626	0	0	0	0	0	0	0.97193	
881001	 	1004	 	0.0464524	0.00863611	0.00496543	0.000850387	0.00289529	0.00363626	0	0	0	0	0	0	0.97193	
891001	 	1004	 	0.0464524	0.00863611	0.00496543	0.000850387	0.00289529	0.00363626	0	0	0	0	0	0	0.97193	
901001	 	1004	 	0.0464524	0.00863611	0.00496543	0.000850387	0.00289529	0.00363626	0	0	0	0	0	0	0.97193	
911001	 	1004	 	0.0464524	0.00863611	0.00496543	0.000850387	0.00289529	0.00363626	0	0	0	0	0	0	0.97193	
921001	 	1091	 	0.050598	0.00939366	0.00546197	0.00127558	0.00361911	0.00484834	0	0	0	0	0	0	0.949841	
931001	 	1097	 	0.0510232	0.00939366	0.00546197	0.000850387	0.00289529	0.00484834	0	0	0	0	0	0	0.949841	
941001	 	1097	 	0.0510232	0.00939366	0.00546197	0.000850387	0.00289529	0.00484834	0	0	0	0	0	0	0.949841	
951001	 	1097	 	0.0510232	0.00939366	0.00546197	0.000850387	0.00289529	0.00484834	0	0	0	0	0	0	0.949841	
961001	 	1097	 	0.0510232	0.00939366	0.00546197	0.000850387	0.00289529	0.00484834	0	0	0	0	0	0	0.949841	
971001	 	1097	 	0.0510232	0.00939366	0.00546197	0.000850387	0.00289529	0.00484834	0	0	0	0	0	0	0.949841	
981001	 	1097	 	0.0510232	0.00939366	0.00546197	0.000850387	0.00289529	0.00484834	0	0	0	0	0	0	0.949841	
991001	 	1097	 	0.0510232	0.00939366	0.00546197	0.000850387	0.00289529	0.00484834	0	0	0	0	0	0	0.949841	
1001001	 	1191	 	0.0556472	0.0103027	0.00595851	0.000850387	0.00289529	0.00484834	0	0	0	0	0	0	0.927752	
1011001	 	1276	 	0.0596866	0.0110603	0.00645505	0.00127558	0.00361911	0.00606043	0	0	0	0	0	0	0.905662	
1021001	 	1276	 	0.0596866	0.0110603	0.00645505	0.00127558	0.00361911	0.00606043	0	0	0	0	0	0	0.905662	
1031001	 	1276	 	0.0596866	0.0110603	0.00645505	0.00127558	0.00361911	0.00606043	0	0	0	0	0	0	0.905662	
1041001	 	1276	 	0.0596866	0.0110603	0.00645505	0.00127558	0.00361911	0.00606043	0	0	0	0	0	0	0.905662	
1051001	 	1276	 	0.0596866	0.0110603	0.00645505	0.00127558	0.00361911	0.00606043	0	0	0	0	0	0	0.905662	
1061001	 	1276	 	0.0596866	0.0110603	0.00645505	0.00127558	0.00361911	0.00606043	0	0	0	0	0	0	0.905662	
1071001	 	1276	 	0.0596866	0.0110603	0.00645505	0.00127558	0.00361911	0.00606043	0	0	0	0	0	0	0.905662	
1081001	 	1276	 	0.0596866	0.0110603	0.00645505	0.00127558	0.00361911	0.00606043	0	0	0	0	0	0	0.905662	
1091001	 	1276	 	0.0596866	0.0110603	0.00645505	0.00127558	0.00361911	0.00606043	0	0	0	0	0	0	0.905662	
1101001	 	1276	 	0.0596866	0.0110603	0.00645505	0.00127558	0.00361911	0.00606043	0	0	0	0	0	0	0.905662	
1111001	 	1276	 	0.0596866	0.0110603	0.00645505	0.00127558	0.00361911	0.00606043	0	0	0	0	0	0	0.905662	
1121001	 	1276	 	0.0596866	0.0110603	0.00645505	0.00127558	0.00361911	0.00606043	0	0	0	0	0	0	0.905662	
1131001	 	1276	 	0.0596866	0.0110603	0.00645505	0.00127558	0.00361911	0.00606043	0	0	0	0	0	0	0.905662	
1141001	 	1276	 	0.0596866	0.0110603	0.00645505	0.00127558	0.00361911	0.00606043	0	0	0	0	0	0	0.905662	
1151001	 	1451	 	0.0680841	0.0125754	0.00744814	0.00170077	0.00506676	0.0084846	0	0	0	0	0	0	0.861484	
1161001	 	1451	 	0.0680841	0.0125754	0.00744814	0.00170077	0.00506676	0.0084846	0	0	0	0	0	0	0.861484	
1171001	 	1451	 	0.0680841	0.0125754	0.00744814	0.00170077	0.00506676	0.0084846	0	0	0	0	0	0	0.861484	
1181001	 	1451	 	0.0680841	0.0125754	0.00744814	0.00170077	0.00506676	0.0084846	0	0	0	0	0	0	0.861484	
1191001	 	1458	 	0.0684562	0.0127269	0.00744814	0.00170077	0.00506676	0.00727251	0	0	0	0	0	0	0.861484	
1201001	 	1477	 	0.0684562	0.0127269	0.00744814	0.00170077	0.00506676	0.00727251	0	0	0	0	0	0	1.28118	
1211001	 	1477	 	0.0684562	0.0127269	0.00744814	0.00170077	0.00506676	0.00727251	0	0	0	0	0	0	1.28118	
1221001	 	1573	 	0.0731333	0.013636	0.00794468	0.00212597	0.00506676	0.00727251	0	0	0	0	0	0	1.25909	
1231001	 	1575	 	0.0732928	0.013636	0.00794468	0.00170077	0.00506676	0.00727251	0	0	0	0	0	0	1.25909	
1241001	 	1575	 	0.0732928	0.013636	0.00794468	0.00170077	0.00506676	0.00727251	0	0	0	0	0	0	1.25909	
1251001	 	1575	 	0.0732928	0.013636	0.00794468	0.00170077	0.00506676	0.00727251	0	0	0	0	0	0	1.25909	
1261001	 	1575	 	0.0732928	0.013636	0.00794468	0.00170077	0.00506676	0.00727251	0	0	0	0	0	0	1.25909	
1271001	 	1676	 	0.0782888	0.014545	0.00844122	0.00170077	0.00506676	0.00727251	0	0	0	0	0	0	1.237	
1281001	 	1676	 	0.0782888	0.014545	0.00844122	0.00170077	0.00506676	0.00727251	0	0	0	0	0	0	1.237	
1291001	 	1676	 	0.0782888	0.014545	0.00844122	0.00170077	0.00506676	0.00727251	0	0	0	0	0	0	1.237	
1301001	 	1676	 	0.0782888	0.014545	0.00844122	0.00170077	0.00506676	0.00727251	0	0	0	0	0	0	1.237	
1311001	 	1676	 	0.0782888	0.014545	0.00844122	0.00170077	0.00506676	0.00727251	0	0	0	0	0	0	1.237	
1321001	 	1676	 	0.0782888	0.014545	0.00844122	0.00170077	0.00506676	0.00727251	0	0	0	0	0	0	1.237	
1331001	 	1676	 	0.0782888	0.014545	0.00844122	0.00170077	0.00506676	0.00727251	0	0	0	0	0	0	1.237	
1341001	 	1762	 	0.0823813	0.0153026	0.00893777	0.00212597	0.00579058	0.0084846	0	0	0	0	0	0	1.21491	
1351001	 	1762	 	0.0823813	0.0153026	0.00893777	0.00212597	0.00579058	0.0084846	0	0	0	0	0	0	1.21491	
1361001	 	1762	 	0.0823813	0.0153026	0.00893777	0.00212597	0.00579058	0.0084846	0	0	0	0	0	0	1.21491	
1371001	 	1762	 	0.0823813	0.0153026	0.00893777	0.00212597	0.00579058	0.0084846	0	0	0	0	0	0	1.21491	
1381001	 	1762	 	0.0823813	0.0153026	0.00893777	0.00212597	0.00579058	0.0084846	0	0	0	0	0	0	1.21491	
1391001	 	1762	 	0.0823813	0.0153026	0.00893777	0.00212597	0.00579058	0.0084846	0	0	0	0	0	0	1.21491	
1401001	 	1762	 	0.0823813	0.0153026	0.00893777	0.00212597	0.00579058	0.0084846	0	0	0	0	0	0	1.21491	
1411001	 	1762	 	0.0823813	0.0153026	0.00893777	0.00212597	0.00579058	0.0084846	0	0	0	0	0	0	1.21491	
1421001	 	1865	 	0.0875367	0.0162116	0.00943431	0.00212597	0.00506676	0.0084846	0	0	0	0	0	0	1.19282	
1431001	 	1872	 	0.0879088	0.0163632	0.00943431	0.00212597	0.00506676	0.00727251	0	0	0	0	0	0	1.19282	
 
 
*--------------------------------------------------------------------------------------------------------------------------* 

ntimestep 	 Particles 	 Differential mass distribution 

1437001	 	1872	 	0.0879088	0.0163632	0.00943431	0.00212597	0.00506676	0.00727251	0	0	0	0	0	0	1.19282	
 
 
*--------------------------------------------------------------------------------------------------------------------------* 

ntimestep 	 Particles 	 Differential mass distribution 

1446001	 	1872	 	0.0879088	0.0163632	0.00943431	0.00212597	0.00506676	0.00727251	0	0	0	0	0	0	1.19282	
1456001	 	1872	 	0.0879088	0.0163632	0.00943431	0.00212597	0.00506676	0.00727251	0	0	0	0	0	0	1.19282	
1466001	 	1981	 	0.09333	0.0174237	0.00993085	0.00212597	0.00506676	0.00606043	0	0	0	0	0	0	1.17073	
1476001	 	1981	 	0.09333	0.0174237	0.00993085	0.00212597	0.00506676	0.00606043	0	0	0	0	0	0	1.17073	
1486001	 	2069	 	0.0975819	0.0181813	0.0104274	0.00212597	0.00579058	0.00727251	0	0	0	0	0	0	1.14864	
1496001	 	2069	 	0.0975819	0.0181813	0.0104274	0.00212597	0.00579058	0.00727251	0	0	0	0	0	0	1.14864	
1506001	 	2073	 	0.0978477	0.0181813	0.0104274	0.00212597	0.00506676	0.00727251	0	0	0	0	0	0	1.14864	
1516001	 	2247	 	0.106139	0.0196964	0.0114205	0.00297636	0.00651441	0.00969668	0	0	0	0	0	0	1.10447	
 
 
*--------------------------------------------------------------------------------------------------------------------------* 

ntimestep 	 Particles 	 Differential mass distribution 

1516001	 	2247	 	0.106139	0.0196964	0.0114205	0.00297636	0.00651441	0.00969668	0	0	0	0	0	0	1.10447	
1526001	 	2253	 	0.106564	0.0196964	0.0114205	0.00255116	0.00579058	0.00969668	0	0	0	0	0	0	1.10447	
1536001	 	2273	 	0.107733	0.0199994	0.0114205	0.00212597	0.00506676	0.00727251	0	0	0	0	0	0	1.10447	
1546001	 	2273	 	0.107733	0.0199994	0.0114205	0.00212597	0.00506676	0.00727251	0	0	0	0	0	0	1.10447	
1556001	 	2467	 	0.117194	0.0218175	0.0124136	0.00255116	0.00579058	0.00727251	0	0	0	0	0	0	1.06029	
1566001	 	2469	 	0.117353	0.0218175	0.0124136	0.00212597	0.00579058	0.00727251	0	0	0	0	0	0	1.06029	
1576001	 	2473	 	0.117619	0.0218175	0.0124136	0.00212597	0.00506676	0.00727251	0	0	0	0	0	0	1.06029	
1586001	 	2572	 	0.122456	0.0228781	0.0129101	0.00255116	0.00506676	0.00606043	0	0	0	0	0	0	1.0382	
1596001	 	2579	 	0.122828	0.0230296	0.0129101	0.00255116	0.00506676	0.00484834	0	0	0	0	0	0	1.0382	
1606001	 	2581	 	0.122987	0.0230296	0.0129101	0.00212597	0.00506676	0.00484834	0	0	0	0	0	0	1.0382	
1616001	 	2581	 	0.122987	0.0230296	0.0129101	0.00212597	0.00506676	0.00484834	0	0	0	0	0	0	1.0382	
1626001	 	2766	 	0.131969	0.0246962	0.0139032	0.00255116	0.00579058	0.00606043	0	0	0	0	0	0	0.99402	
1636001	 	2781	 	0.132926	0.0248477	0.0139032	0.00170077	0.00506676	0.00484834	0	0	0	0	0	0	0.99402	
1646001	 	2781	 	0.132926	0.0248477	0.0139032	0.00170077	0.00506676	0.00484834	0	0	0	0	0	0	0.99402	
1656001	 	2875	 	0.13755	0.0256053	0.0143997	0.00212597	0.00434294	0.00606043	0	0	0	0	0	0	0.97193	
1666001	 	2882	 	0.137922	0.0257568	0.0143997	0.00212597	0.00434294	0.00484834	0	0	0	0	0	0	0.97193	
1676001	 	2884	 	0.138082	0.0257568	0.0143997	0.00170077	0.00434294	0.00484834	0	0	0	0	0	0	0.97193	
1686001	 	2970	 	0.142174	0.0265144	0.0148963	0.00212597	0.00506676	0.00606043	0	0	0	0	0	0	0.949841	
1696001	 	2979	 	0.142706	0.0266659	0.0148963	0.00170077	0.00506676	0.00484834	0	0	0	0	0	0	0.949841	
1706001	 	2979	 	0.142706	0.0266659	0.0148963	0.00170077	0.00506676	0.00484834	0	0	0	0	0	0	0.949841	
1716001	 	2979	 	0.142706	0.0266659	0.0148963	0.00170077	0.00506676	0.00484834	0	0	0	0	0	0	0.949841	
 
 
*--------------------------------------------------------------------------------------------------------------------------* 

ntimestep 	 Particles 	 Differential mass distribution 

1710001	 	2979	 	0.142706	0.0266659	0.0148963	0.00170077	0.00506676	0.00484834	0	0	0	0	0	0	0.949841	
 
 
*--------------------------------------------------------------------------------------------------------------------------* 

ntimestep 	 Particles 	 Differential mass distribution 

1710001	 	2979	 	0.142706	0.0266659	0.0148963	0.00170077	0.00506676	0.00484834	0	0	0	0	0	0	0.949841	
1720001	 	3152	 	0.150944	0.028181	0.0158894	0.00255116	0.00651441	0.00727251	0	0	0	0	0	0	0.905662	
1730001	 	3161	 	0.151475	0.0283325	0.0158894	0.00212597	0.00651441	0.00606043	0	0	0	0	0	0	0.905662	
1740001	 	3170	 	0.152113	0.0283325	0.0158894	0.00170077	0.00506676	0.00606043	0	0	0	0	0	0	0.905662	
1750001	 	3256	 	0.156206	0.02909	0.0163859	0.00212597	0.00579058	0.00727251	0	0	0	0	0	0	0.883573	
1760001	 	3346	 	0.160564	0.0298476	0.0168824	0.00255116	0.00579058	0.0084846	0	0	0	0	0	0	0.861484	
1770001	 	3359	 	0.161361	0.0299991	0.0168824	0.00212597	0.00506676	0.00727251	0	0	0	0	0	0	0.861484	
1780001	 	3375	 	0.162265	0.0303021	0.0168824	0.00170077	0.00506676	0.00484834	0	0	0	0	0	0	0.861484	
1790001	 	3375	 	0.162265	0.0303021	0.0168824	0.00170077	0.00506676	0.00484834	0	0	0	0	0	0	0.861484	
1800001	 	3375	 	0.162265	0.0303021	0.0168824	0.00170077	0.00506676	0.00484834	0	0	0	0	0	0	0.861484	
1810001	 	3379	 	0.16253	0.0303021	0.0168824	0.00170077	0.00434294	0.00484834	0	0	0	0	0	0	0.861484	
1820001	 	3563	 	0.171406	0.0319688	0.0178755	0.00255116	0.00506676	0.00606043	0	0	0	0	0	0	0.817305	
1830001	 	3660	 	0.17619	0.0328778	0.0183721	0.00212597	0.00579058	0.00606043	0	0	0	0	0	0	0.795216	
1840001	 	3682	 	0.177518	0.0331808	0.0183721	0.00127558	0.00506676	0.00363626	0	0	0	0	0	0	0.795216	
1850001	 	3682	 	0.177518	0.0331808	0.0183721	0.00127558	0.00506676	0.00363626	0	0	0	0	0	0	0.795216	
1860001	 	3774	 	0.182036	0.0339384	0.0188686	0.00127558	0.00506676	0.00484834	0	0	0	0	0	0	0.773126	
1870001	 	3785	 	0.182674	0.0340899	0.0188686	0.00127558	0.00434294	0.00363626	0	0	0	0	0	0	0.773126	
1880001	 	3785	 	0.182674	0.0340899	0.0188686	0.00127558	0.00434294	0.00363626	0	0	0	0	0	0	0.773126	